# 0.470
43.878 0
50.685 0
57.556 0
64.214 0
71.019 0
77.845 0
84.627 0
91.467 0
98.278 0
105.067 0
111.955 0
118.792 0
125.632 0
132.404 0
139.194 0
146.121 0
152.863 0
159.596 0
166.488 0
173.286 0
180.129 0
186.850 0
200.511 0
207.196 0
214.005 0
220.817 0
227.642 0
234.384 0
241.308 0
247.976 0
254.778 0
261.573 0
268.397 0
275.174 0
281.935 0
288.696 0
295.424 0
302.251 0
309.014 0
315.735 0
322.555 0
329.299 0
336.078 0
349.647 0
356.465 0
363.142 0
369.858 0
376.606 0
383.315 0
390.050 0
396.844 0
403.640 0
410.315 0
417.089 0
423.813 0
430.600 0
437.327 0
444.065 0
450.772 0
457.566 0
464.330 0
471.134 0
477.685 0
484.501 0
491.271 0
504.746 0
511.490 0
518.160 0
524.902 0
531.579 0
538.305 0
545.193 0
551.728 0
558.536 0
565.261 0
571.892 0
578.669 0
585.449 0
592.106 0
598.830 0
605.554 0
612.277 0
618.913 0
625.585 0
632.419 0
639.101 0
652.489 0
659.155 0
665.895 0
672.533 0
679.247 0
686.079 0
692.627 0
699.412 0
706.118 0
712.703 0
719.462 0
726.278 0
732.926 0
739.572 0
746.404 0
753.135 0
759.630 0
766.282 0
773.093 0
779.876 0
786.581 0
793.215 0
806.557 0
813.437 0
820.166 0
826.774 0
833.256 0
840.074 0
846.761 0
853.438 0
860.160 0
866.805 0
873.377 0
880.114 0
886.968 0
893.395 0
900.091 0
906.794 0
913.417 0
920.159 0
926.862 0
933.527 0
940.183 0
953.690 0
960.244 0
966.916 0
973.587 0
980.300 0
987.017 0
993.698 0
1000.251 0
1007.334 0
1014.124 0
1020.811 0
