# 0.470
15.601 0
22.229 0
28.972 0
35.658 0
42.449 0
48.995 0
55.747 0
62.350 0
69.097 0
75.778 0
82.223 0
95.852 0
102.630 0
109.193 0
115.754 0
122.592 0
129.105 0
136.044 0
142.547 0
149.329 0
155.631 0
162.333 0
169.410 0
176.059 0
182.792 0
189.515 0
196.236 0
202.854 0
209.563 0
216.180 0
222.872 0
229.632 0
243.048 0
249.828 0
256.454 0
263.123 0
269.858 0
276.509 0
283.123 0
289.948 0
296.645 0
303.416 0
309.936 0
316.689 0
323.365 0
330.024 0
336.595 0
343.522 0
350.271 0
356.936 0
363.535 0
370.222 0
377.203 0
383.681 0
397.316 0
403.961 0
410.626 0
417.245 0
423.973 0
430.576 0
437.503 0
444.118 0
450.835 0
457.637 0
464.390 0
470.996 0
477.729 0
484.537 0
491.236 0
497.957 0
504.725 0
511.459 0
518.235 0
525.013 0
531.682 0
545.187 0
551.959 0
558.726 0
565.474 0
572.213 0
578.990 0
585.701 0
592.545 0
599.255 0
606.008 0
612.756 0
619.535 0
626.314 0
633.011 0
639.803 0
646.587 0
653.351 0
660.161 0
666.815 0
673.678 0
680.388 0
687.294 0
700.822 0
707.627 0
714.285 0
721.195 0
727.907 0
734.769 0
741.535 0
748.359 0
755.170 0
761.974 0
768.655 0
775.574 0
782.317 0
789.195 0
795.941 0
802.757 0
809.540 0
816.430 0
823.201 0
830.083 0
836.803 0
850.497 0
857.305 0
864.157 0
870.957 0
877.831 0
884.647 0
891.427 0
898.307 0
905.149 0
911.923 0
918.801 0
925.633 0
932.610 0
939.333 0
946.119 0
952.998 0
959.859 0
966.711 0
973.613 0
980.444 0
987.310 0
994.200 0
