# 0.470
14.281 0
20.948 0
27.668 0
34.366 0
41.048 0
47.765 0
54.487 0
61.199 0
67.858 0
74.601 0
81.235 0
94.807 0
101.554 0
108.160 0
114.743 0
121.602 0
128.268 0
134.968 0
141.627 0
148.438 0
155.123 0
161.812 0
168.459 0
175.232 0
181.793 0
188.513 0
195.283 0
201.910 0
208.688 0
215.366 0
222.136 0
228.769 0
242.265 0
248.990 0
255.582 0
262.396 0
269.088 0
275.843 0
282.529 0
289.279 0
295.978 0
302.716 0
309.405 0
316.138 0
322.855 0
329.643 0
336.296 0
343.039 0
349.745 0
356.439 0
363.185 0
369.944 0
376.704 0
383.362 0
396.863 0
403.499 0
410.302 0
417.068 0
423.766 0
430.518 0
437.266 0
444.008 0
450.715 0
457.447 0
464.231 0
470.896 0
477.648 0
484.438 0
491.146 0
497.883 0
504.697 0
511.380 0
518.153 0
524.965 0
531.630 0
545.171 0
551.957 0
558.749 0
565.440 0
572.235 0
579.145 0
585.713 0
592.621 0
599.298 0
606.085 0
612.900 0
619.599 0
626.422 0
633.119 0
639.927 0
646.714 0
653.496 0
660.283 0
667.059 0
673.905 0
680.646 0
687.444 0
701.034 0
707.865 0
714.614 0
721.462 0
728.247 0
735.069 0
741.852 0
748.703 0
755.460 0
762.306 0
769.082 0
775.926 0
782.745 0
789.553 0
796.378 0
803.238 0
810.009 0
816.861 0
823.652 0
830.572 0
837.336 0
851.051 0
857.816 0
864.664 0
871.508 0
878.378 0
885.222 0
891.986 0
898.905 0
905.762 0
912.589 0
919.502 0
926.345 0
933.224 0
940.089 0
946.905 0
953.823 0
960.664 0
967.501 0
974.439 0
981.291 0
988.178 0
995.106 0
