# 0.470
39.736 0
46.509 0
53.325 0
60.133 0
67.342 0
73.970 0
80.748 0
87.683 0
94.631 0
101.343 0
108.152 0
115.227 0
122.112 0
128.769 0
135.599 0
142.645 0
149.355 0
156.113 0
162.993 0
169.838 0
176.731 0
183.427 0
197.172 0
204.022 0
210.903 0
217.568 0
224.434 0
231.228 0
238.059 0
244.884 0
251.749 0
258.469 0
265.362 0
272.062 0
278.880 0
285.729 0
292.510 0
299.358 0
306.109 0
312.938 0
319.710 0
326.454 0
333.356 0
346.975 0
353.685 0
360.434 0
367.269 0
373.953 0
380.722 0
387.445 0
394.290 0
401.113 0
407.789 0
414.603 0
421.360 0
428.115 0
434.934 0
441.677 0
448.433 0
455.159 0
461.975 0
468.675 0
475.414 0
482.183 0
488.969 0
502.489 0
509.170 0
515.923 0
522.694 0
529.413 0
536.165 0
542.952 0
549.604 0
556.426 0
563.153 0
569.831 0
576.562 0
583.372 0
590.015 0
596.772 0
603.532 0
610.261 0
616.936 0
623.701 0
630.424 0
637.105 0
650.662 0
657.244 0
664.014 0
670.763 0
677.515 0
684.070 0
690.885 0
697.639 0
704.319 0
711.046 0
717.773 0
724.507 0
731.130 0
737.925 0
744.650 0
751.338 0
758.003 0
764.714 0
771.496 0
778.196 0
784.853 0
791.602 0
805.098 0
811.699 0
818.381 0
825.182 0
831.869 0
838.477 0
845.220 0
851.950 0
858.688 0
865.355 0
872.007 0
878.776 0
885.461 0
892.186 0
898.820 0
905.518 0
912.309 0
918.932 0
925.666 0
932.304 0
939.049 0
952.450 0
959.083 0
965.862 0
972.532 0
979.269 0
985.955 0
992.660 0
999.358 0
1006.064 0
1012.756 0
1019.404 0
