# FIBERD   FIBERSEP
0.59  0.59
# NFIBX	NFIBY
22  13
# ID    FIBER_X   FIBER_Y
1 -6.195 -3.54	R	1	1.000
2 -5.605 -3.54	R	2	1.000
3 -5.015 -3.54	R	3	1.000
4 -4.425 -3.54	R	4	1.000
5 -3.835 -3.54	R	5	1.000
6 -3.245 -3.54	R	6	1.000
7 -2.655 -3.54	R	7	1.000
8 -2.065 -3.54	R	8	1.000
9 -1.475 -3.54	R	9	1.000
10 -0.885 -3.54	R	10	1.000
11 -0.295 -3.54	R	11	1.000
12 0.295 -3.54	R	12	1.000
13 0.885 -3.54	R	13	1.000
14 1.475 -3.54	R	14	1.000
15 2.065 -3.54	R	15	1.000
16 2.655 -3.54	R	16	1.000
17 3.245 -3.54	R	17	1.000
18 3.835 -3.54	R	18	1.000
19 4.425 -3.54	R	19	1.000
20 5.015 -3.54	R	20	1.000
21 5.605 -3.54	R	21	1.000
22 6.195 -3.54	R	22	1.000
23 -5.9 -2.95	R	23	1.000
24 -5.31 -2.95	R	24	1.000
25 -4.72 -2.95	R	25	1.000
26 -4.13 -2.95	R	26	1.000
27 -3.54 -2.95	R	27	1.000
28 -2.95 -2.95	R	28	1.000
29 -2.36 -2.95	R	29	1.000
30 -1.77 -2.95	R	30	1.000
31 -1.18 -2.95	R	31	1.000
32 -0.59 -2.95	R	32	1.000
33 -0.0 -2.95	R	33	1.000
34 0.59 -2.95	R	34	1.000
35 1.18 -2.95	R	35	1.000
36 1.77 -2.95	R	36	1.000
37 2.36 -2.95	R	37	1.000
38 2.95 -2.95	R	38	1.000
39 3.54 -2.95	R	39	1.000
40 4.13 -2.95	R	40	1.000
41 4.72 -2.95	R	41	1.000
42 5.31 -2.95	R	42	1.000
43 5.9 -2.95	R	43	1.000
44 -6.195 -2.36	R	44	1.000
45 -5.605 -2.36	R	45	1.000
46 -5.015 -2.36	R	46	1.000
47 -4.425 -2.36	R	47	1.000
48 -3.835 -2.36	R	48	1.000
49 -3.245 -2.36	R	49	1.000
50 -2.655 -2.36	R	50	1.000
51 -2.065 -2.36	R	51	1.000
52 -1.475 -2.36	R	52	1.000
53 -0.885 -2.36	R	53	1.000
54 -0.295 -2.36	R	54	1.000
55 0.295 -2.36	R	55	1.000
56 0.885 -2.36	R	56	1.000
57 1.475 -2.36	R	57	1.000
58 2.065 -2.36	R	58	1.000
59 2.655 -2.36	R	59	1.000
60 3.245 -2.36	R	60	1.000
61 3.835 -2.36	R	61	1.000
62 4.425 -2.36	R	62	1.000
63 5.015 -2.36	R	63	1.000
64 5.605 -2.36	R	64	1.000
65 6.195 -2.36	R	65	1.000
66 -5.9 -1.77	R	66	1.000
67 -5.31 -1.77	R	67	1.000
68 -4.72 -1.77	R	68	1.000
69 -4.13 -1.77	R	69	1.000
70 -3.54 -1.77	R	70	1.000
71 -2.95 -1.77	R	71	1.000
72 -2.36 -1.77	R	72	1.000
73 -1.77 -1.77	R	73	1.000
74 -1.18 -1.77	R	74	1.000
75 -0.59 -1.77	R	75	1.000
76 -0.0 -1.77	R	76	1.000
77 0.59 -1.77	R	77	1.000
78 1.18 -1.77	R	78	1.000
79 1.77 -1.77	R	79	1.000
80 2.36 -1.77	R	80	1.000
81 2.95 -1.77	R	81	1.000
82 3.54 -1.77	R	82	1.000
83 4.13 -1.77	R	83	1.000
84 4.72 -1.77	R	84	1.000
85 5.31 -1.77	R	85	1.000
86 5.9 -1.77	R	86	1.000
87 -6.195 -1.18	R	87	1.000
88 -5.605 -1.18	R	88	1.000
89 -5.015 -1.18	R	89	1.000
90 -4.425 -1.18	R	90	1.000
91 -3.835 -1.18	R	91	1.000
92 -3.245 -1.18	R	92	1.000
93 -2.655 -1.18	R	93	1.000
94 -2.065 -1.18	R	94	1.000
95 -1.475 -1.18	R	95	1.000
96 -0.885 -1.18	R	96	1.000
97 -0.295 -1.18	R	97	1.000
98 0.295 -1.18	R	98	1.000
99 0.885 -1.18	R	99	1.000
100 1.475 -1.18	R	100	1.000
101 2.065 -1.18	R	101	1.000
102 2.655 -1.18	R	102	1.000
103 3.245 -1.18	R	103	1.000
104 3.835 -1.18	R	104	1.000
105 4.425 -1.18	R	105	1.000
106 5.015 -1.18	R	106	1.000
107 5.605 -1.18	R	107	1.000
108 6.195 -1.18	R	108	1.000
109 -5.9 -0.59	R	109	1.000
110 -5.31 -0.59	R	110	1.000
111 -4.72 -0.59	R	111	1.000
112 -4.13 -0.59	R	112	1.000
113 -3.54 -0.59	R	113	1.000
114 -2.95 -0.59	R	114	1.000
115 -2.36 -0.59	R	115	1.000
116 -1.77 -0.59	R	116	1.000
117 -1.18 -0.59	R	117	1.000
118 -0.59 -0.59	R	118	1.000
119 -0.0 -0.59	R	119	1.000
120 0.59 -0.59	R	120	1.000
121 1.18 -0.59	R	121	1.000
122 1.77 -0.59	R	122	1.000
123 2.36 -0.59	R	123	1.000
124 2.95 -0.59	R	124	1.000
125 3.54 -0.59	R	125	1.000
126 4.13 -0.59	R	126	1.000
127 4.72 -0.59	R	127	1.000
128 5.31 -0.59	R	128	1.000
129 5.9 -0.59	R	129	1.000
130 -6.195 -0.0	R	130	1.000
131 -5.605 -0.0	R	131	1.000
132 -5.015 -0.0	R	132	1.000
133 -4.425 -0.0	R	133	1.000
134 -3.835 -0.0	R	134	1.000
135 -3.245 -0.0	R	135	1.000
136 -2.655 -0.0	R	136	1.000
137 -2.065 -0.0	R	137	1.000
138 -1.475 -0.0	R	138	1.000
139 -0.885 -0.0	R	139	1.000
140 -0.295 -0.0	R	140	1.000
141 0.295 -0.0	R	141	1.000
142 0.885 -0.0	R	142	1.000
143 1.475 -0.0	R	143	1.000
144 2.065 -0.0	R	144	1.000
145 2.655 -0.0	R	145	1.000
146 3.245 -0.0	R	146	1.000
147 3.835 -0.0	R	147	1.000
148 4.425 -0.0	R	148	1.000
149 5.015 -0.0	R	149	1.000
150 5.605 -0.0	R	150	1.000
151 6.195 -0.0	R	151	1.000
152 -5.9 0.59	R	152	1.000
153 -5.31 0.59	R	153	1.000
154 -4.72 0.59	R	154	1.000
155 -4.13 0.59	R	155	1.000
156 -3.54 0.59	R	156	1.000
157 -2.95 0.59	R	157	1.000
158 -2.36 0.59	R	158	1.000
159 -1.77 0.59	R	159	1.000
160 -1.18 0.59	R	160	1.000
161 -0.59 0.59	R	161	1.000
162 -0.0 0.59	R	162	1.000
163 0.59 0.59	R	163	1.000
164 1.18 0.59	R	164	1.000
165 1.77 0.59	R	165	1.000
166 2.36 0.59	R	166	1.000
167 2.95 0.59	R	167	1.000
168 3.54 0.59	R	168	1.000
169 4.13 0.59	R	169	1.000
170 4.72 0.59	R	170	1.000
171 5.31 0.59	R	171	1.000
172 5.9 0.59	R	172	1.000
173 -6.195 1.18	R	173	1.000
174 -5.605 1.18	R	174	1.000
175 -5.015 1.18	R	175	1.000
176 -4.425 1.18	R	176	1.000
177 -3.835 1.18	R	177	1.000
178 -3.245 1.18	R	178	1.000
179 -2.655 1.18	R	179	1.000
180 -2.065 1.18	R	180	1.000
181 -1.475 1.18	R	181	1.000
182 -0.885 1.18	R	182	1.000
183 -0.295 1.18	R	183	1.000
184 0.295 1.18	R	184	1.000
185 0.885 1.18	R	185	1.000
186 1.475 1.18	R	186	1.000
187 2.065 1.18	R	187	1.000
188 2.655 1.18	R	188	1.000
189 3.245 1.18	R	189	1.000
190 3.835 1.18	R	190	1.000
191 4.425 1.18	R	191	1.000
192 5.015 1.18	R	192	1.000
193 5.605 1.18	R	193	1.000
194 6.195 1.18	R	194	1.000
195 -5.9 1.77	R	195	1.000
196 -5.31 1.77	R	196	1.000
197 -4.72 1.77	R	197	1.000
198 -4.13 1.77	R	198	1.000
199 -3.54 1.77	R	199	1.000
200 -2.95 1.77	R	200	1.000
201 -2.36 1.77	R	201	1.000
202 -1.77 1.77	R	202	1.000
203 -1.18 1.77	R	203	1.000
204 -0.59 1.77	R	204	1.000
205 -0.0 1.77	R	205	1.000
206 0.59 1.77	R	206	1.000
207 1.18 1.77	R	207	1.000
208 1.77 1.77	R	208	1.000
209 2.36 1.77	R	209	1.000
210 2.95 1.77	R	210	1.000
211 3.54 1.77	R	211	1.000
212 4.13 1.77	R	212	1.000
213 4.72 1.77	R	213	1.000
214 5.31 1.77	R	214	1.000
215 5.9 1.77	R	215	1.000
216 -6.195 2.36	R	216	1.000
217 -5.605 2.36	R	217	1.000
218 -5.015 2.36	R	218	1.000
219 -4.425 2.36	R	219	1.000
220 -3.835 2.36	R	220	1.000
221 -3.245 2.36	R	221	1.000
222 -2.655 2.36	R	222	1.000
223 -2.065 2.36	R	223	1.000
224 -1.475 2.36	R	224	1.000
225 -0.885 2.36	R	225	1.000
226 -0.295 2.36	R	226	1.000
227 0.295 2.36	R	227	1.000
228 0.885 2.36	R	228	1.000
229 1.475 2.36	R	229	1.000
230 2.065 2.36	R	230	1.000
231 2.655 2.36	R	231	1.000
232 3.245 2.36	R	232	1.000
233 3.835 2.36	R	233	1.000
234 4.425 2.36	R	234	1.000
235 5.015 2.36	R	235	1.000
236 5.605 2.36	R	236	1.000
237 6.195 2.36	R	237	1.000
238 -5.9 2.95	R	238	1.000
239 -5.31 2.95	R	239	1.000
240 -4.72 2.95	R	240	1.000
241 -4.13 2.95	R	241	1.000
242 -3.54 2.95	R	242	1.000
243 -2.95 2.95	R	243	1.000
244 -2.36 2.95	R	244	1.000
245 -1.77 2.95	R	245	1.000
246 -1.18 2.95	R	246	1.000
247 -0.59 2.95	R	247	1.000
248 -0.0 2.95	R	248	1.000
249 0.59 2.95	R	249	1.000
250 1.18 2.95	R	250	1.000
251 1.77 2.95	R	251	1.000
252 2.36 2.95	R	252	1.000
253 2.95 2.95	R	253	1.000
254 3.54 2.95	R	254	1.000
255 4.13 2.95	R	255	1.000
256 4.72 2.95	R	256	1.000
257 5.31 2.95	R	257	1.000
258 5.9 2.95	R	258	1.000
259 -6.195 3.54	R	259	1.000
260 -5.605 3.54	R	260	1.000
261 -5.015 3.54	R	261	1.000
262 -4.425 3.54	R	262	1.000
263 -3.835 3.54	R	263	1.000
264 -3.245 3.54	R	264	1.000
265 -2.655 3.54	R	265	1.000
266 -2.065 3.54	R	266	1.000
267 -1.475 3.54	R	267	1.000
268 -0.885 3.54	R	268	1.000
269 -0.295 3.54	R	269	1.000
270 0.295 3.54	R	270	1.000
271 0.885 3.54	R	271	1.000
272 1.475 3.54	R	272	1.000
273 2.065 3.54	R	273	1.000
274 2.655 3.54	R	274	1.000
275 3.245 3.54	R	275	1.000
276 3.835 3.54	R	276	1.000
277 4.425 3.54	R	277	1.000
278 5.015 3.54	R	278	1.000
279 5.605 3.54	R	279	1.000
280 6.195 3.54	R	280	1.000
