              wave               response
------------------ ----------------------
            3640.0 1.5043688181745344e-10
 3640.484496124031  1.498055256232766e-10
 3640.968992248062 1.4917416942909894e-10
 3641.453488372093  1.485428132349221e-10
 3641.937984496124 1.4791145704074445e-10
 3642.422480620155 1.4728010084656762e-10
 3642.906976744186  1.466487446523908e-10
 3643.391472868217 1.4601738845821313e-10
 3643.875968992248  1.453860322640363e-10
 3644.360465116279 1.4475467606985864e-10
  3644.84496124031  1.441720180739292e-10
 3645.329457364341  1.435079069467271e-10
 3645.813953488372 1.4285221790200087e-10
 3646.298449612403 1.4220480869242547e-10
 3646.782945736434 1.4156559084710363e-10
 3647.267441860465 1.4093447589513808e-10
 3647.751937984496 1.4031135107950288e-10
 3648.236434108527 1.3969612272513032e-10
 3648.720930232558  1.390886988916762e-10
 3649.205426356589 1.3848897896517887e-10
  3649.68992248062 1.3789686406640023e-10
3650.1744186046512  1.373122726633369e-10
3650.6589147286822 1.3673511455036813e-10
3651.1434108527133 1.3616525615378627e-10
3651.6279069767443 1.3560266798329224e-10
3652.1124031007753 1.3504721993462532e-10
3652.5968992248063 1.3449882180216477e-10
3653.0813953488373  1.339574007275246e-10
3653.5658914728683 1.3342287170925449e-10
3654.0503875968993 1.3289513760283977e-10
3654.5348837209303  1.323740943248719e-10
3655.0193798449613  1.318596898336466e-10
3655.5038759689924 1.3135182351520225e-10
3655.9883720930234 1.3085041557225896e-10
3656.4728682170544 1.3035537232974903e-10
3656.9573643410854 1.2986663480707428e-10
3657.4418604651164  1.293840937166557e-10
3657.9263565891474  1.289076796695543e-10
3658.4108527131784 1.2843732154210752e-10
3658.8953488372094  1.279729308634181e-10
3659.3798449612405  1.275144313056531e-10
3659.8643410852715    1.2706175174515e-10
3660.3488372093025 1.2661479677211762e-10
3660.8333333333335 1.2617351607957517e-10
3661.3178294573645  1.257378107882845e-10
3661.8023255813955 1.2530763059126482e-10
3662.2868217054265  1.248828835481719e-10
3662.7713178294575 1.2446349853534322e-10
3663.2558139534885  1.240494096332867e-10
3663.7403100775196  1.236405543919572e-10
3664.2248062015506 1.2323684434045745e-10
3664.7093023255816 1.2283820488567798e-10
3665.1937984496126 1.2244457878174408e-10
3665.6782945736436 1.2205591398695148e-10
3666.1627906976746 1.2167210294844466e-10
3666.6472868217056  1.212931109717541e-10
3667.1317829457366 1.2091887040266425e-10
3667.6162790697676 1.2054929277027782e-10
3668.1007751937987 1.2018431909399663e-10
3668.5852713178297 1.1982390253628683e-10
3669.0697674418607 1.1946795983042158e-10
3669.5542635658917 1.1911645107776092e-10
3670.0387596899227  1.187692860726841e-10
3670.5232558139537 1.1842642318182772e-10
3671.0077519379847 1.1808778954680577e-10
3671.4922480620157 1.1775332618702006e-10
3671.9767441860467  1.174229897343837e-10
3672.4612403100778 1.1709669692216984e-10
3672.9457364341088  1.167744026475681e-10
  3673.43023255814 1.1645605313415075e-10
 3673.914728682171 1.1614157205408482e-10
 3674.399224806202  1.158309247129008e-10
 3674.883720930233 1.1552403825221269e-10
 3675.368217054264 1.1522087103865708e-10
 3675.852713178295 1.1492136062218883e-10
 3676.337209302326 1.1462545843055061e-10
 3676.821705426357 1.1433308119701557e-10
 3677.306201550388 1.1404421504379592e-10
 3677.790697674419  1.137587905819526e-10
  3678.27519379845 1.1347677138229262e-10
 3678.759689922481 1.1319808458642999e-10
 3679.244186046512 1.1292267641793696e-10
 3679.728682170543 1.1265051044762053e-10
 3680.213178294574 1.1238153983794685e-10
 3680.697674418605 1.1211570734304122e-10
 3681.182170542636 1.1185296786009324e-10
 3681.666666666667 1.1159327628629256e-10
 3682.151162790698 1.1133658231465837e-10
 3682.635658914729 1.1108283216876291e-10
  3683.12015503876 1.1083198594996624e-10
 3683.604651162791 1.1058400029018145e-10
 3684.089147286822 1.1033882141298079e-10
 3684.573643410853 1.1009640595027737e-10
 3685.058139534884  1.098567226770486e-10
 3685.542635658915  1.096197282252076e-10
 3686.027131782946 1.0938534453219795e-10
 3686.511627906977 1.0915356639384921e-10
 3686.996124031008 1.0892434003373364e-10
 3687.480620155039  1.086976307573817e-10
  3687.96511627907 1.0847337784947175e-10
 3688.449612403101 1.0825155008498122e-10
 3688.934108527132 1.0803211450416406e-10
 3689.418604651163 1.0781501733059251e-10
 3689.903100775194  1.076002429517553e-10
 3690.387596899225 1.0738772718288381e-10
 3690.872093023256  1.071774440031259e-10
 3691.356589147287 1.0696935698328858e-10
 3691.841085271318 1.0676341581639104e-10
 3692.325581395349 1.0655958927741072e-10
3692.8100775193802 1.0635786869273023e-10
3693.2945736434112 1.0615816906089925e-10
3693.7790697674423  1.059604973208117e-10
3694.2635658914733 1.0576479102242242e-10
3694.7480620155043 1.0557102761432624e-10
3695.2325581395353 1.0537915852426583e-10
3695.7170542635663 1.0518916987445337e-10
3696.2015503875973 1.0500102523569588e-10
3696.6860465116283 1.0481467950518297e-10
3697.1705426356593 1.0463009972316861e-10
3697.6550387596903 1.0444727548131194e-10
3698.1395348837214 1.0426615473790868e-10
3698.6240310077524 1.0408670973738321e-10
3699.1085271317834 1.0390889884637211e-10
3699.5930232558144 1.0373272206487538e-10
3700.0775193798454 1.0355812735118874e-10
3700.5620155038764 1.0338508174556615e-10
3701.0465116279074 1.0321357310494328e-10
3701.5310077519384 1.0304355285706279e-10
3702.0155038759694 1.0287500018524298e-10
3702.5000000000005 1.0270788039501433e-10
3702.9844961240315  1.025421813433125e-10
3703.4689922480625 1.0237788221345578e-10
3703.9534883720935   1.02214924024846e-10
3704.4379844961245 1.0205330851220662e-10
3704.9224806201555 1.0189298710328032e-10
3705.4069767441865 1.0173395459389667e-10
3705.8914728682175  1.015761728201392e-10
3706.3759689922485 1.0141960882226186e-10
3706.8604651162796 1.0126425739609424e-10
3707.3449612403106 1.0111008905133723e-10
3707.8294573643416 1.0095707256296826e-10
3708.3139534883726 1.0080518711430564e-10
3708.7984496124036 1.0065439974560331e-10
3709.2829457364346 1.0050469484434998e-10
3709.7674418604656 1.0035606547165177e-10
3710.2519379844966 1.0020847519831566e-10
3710.7364341085276   1.00061899738213e-10
3711.2209302325587  9.991630613159774e-11
3711.7054263565897  9.977169264374641e-11
3712.1899224806207  9.962803151908339e-11
3712.6744186046517  9.948529673675655e-11
3713.1589147286827  9.934346748008416e-11
3713.6434108527137  9.920254027961928e-11
3714.1279069767447  9.906247697144543e-11
3714.6124031007757  9.892326194305134e-11
3715.0968992248067   9.87848813166492e-11
3715.5813953488378   9.86473056019399e-11
3716.0658914728688  9.851052092113566e-11
   3716.5503875969  9.837452553951298e-11
 3717.034883720931  9.823926568064412e-11
 3717.519379844962  9.810476389593425e-11
 3718.003875968993  9.797096640895564e-11
 3718.488372093024  9.783787495443175e-11
 3718.972868217055  9.770546871568087e-11
 3719.457364341086  9.757373554963866e-11
 3719.941860465117  9.744265290489995e-11
 3720.426356589148  9.731219302588912e-11
 3720.910852713179  9.718238019873482e-11
  3721.39534883721  9.705315197339193e-11
 3721.879844961241  9.692451702347782e-11
 3722.364341085272  9.679645106286383e-11
 3722.848837209303  9.666894368320911e-11
 3723.333333333334   9.65419914150667e-11
 3723.817829457365  9.641554221673232e-11
 3724.302325581396  9.628964119101635e-11
 3724.786821705427  9.616420507119194e-11
 3725.271317829458  9.603928242951643e-11
 3725.755813953489  9.591482122428552e-11
  3726.24031007752  9.579081451660532e-11
 3726.724806201551  9.566726230647582e-11
 3727.209302325582   9.55441524508327e-11
 3727.693798449613  9.542146760244119e-11
 3728.178294573644   9.52991713321083e-11
 3728.662790697675  9.517728272179227e-11
 3729.147286821706  9.505577575064095e-11
 3729.631782945737  9.493464694920739e-11
 3730.116279069768  9.481387550080989e-11
 3730.600775193799  9.469346140544843e-11
  3731.08527131783  9.457337864227089e-11
 3731.569767441861  9.445362721127726e-11
 3732.054263565892  9.433419496940321e-11
 3732.538759689923  9.421507150830788e-11
 3733.023255813954   9.40962481543739e-11
 3733.507751937985  9.397770409091954e-11
 3733.992248062016  9.385943237905092e-11
 3734.476744186047   9.37414347534915e-11
 3734.961240310078  9.362370254062391e-11
 3735.445736434109  9.350620451542557e-11
3735.9302325581402   9.33889614945782e-11
3736.4147286821712  9.327195786557052e-11
3736.8992248062023    9.3155158933933e-11
3737.3837209302333  9.303858204690041e-11
3737.8682170542643  9.292220291834408e-11
3738.3527131782953  9.280603022188139e-11
3738.8372093023263  9.269004140610715e-11
3739.3217054263573  9.257424687936222e-11
3739.8062015503883  9.245860847773013e-11
3740.2906976744193  9.234314701789259e-11
3740.7751937984503  9.222783821372094e-11
3741.2596899224814  9.211268900410907e-11
3741.7441860465124  9.199768724599267e-11
3742.2286821705434  9.188282253103086e-11
3742.7131782945744  9.176808965505323e-11
3743.1976744186054  9.165347300554849e-11
3743.6821705426364  9.153900033809226e-11
3744.1666666666674  9.142462134570373e-11
3744.6511627906984   9.13103429672768e-11
3745.1356589147294  9.119619122366363e-11
3745.6201550387605   9.10821227467773e-11
3746.1046511627915  9.096814447551171e-11
3746.5891472868225  9.085426334876079e-11
3747.0736434108535  9.074043252899067e-11
3747.5581395348845  9.062669364956477e-11
3748.0426356589155  9.051302242435444e-11
3748.5271317829465  9.039942752697705e-11
3749.0116279069775  9.028587079351613e-11
3749.4961240310085  9.017239212261163e-11
3749.9806201550396  9.005894814617665e-11
3750.4651162790706  8.994557702812767e-11
3750.9496124031016  8.983222325731344e-11
3751.4341085271326  8.971891285458611e-11
3751.9186046511636  8.960564235049873e-11
3752.4031007751946  8.949241174505129e-11
3752.8875968992256  8.937918981322124e-11
3753.3720930232566  8.926600604530766e-11
3753.8565891472877  8.915283962462883e-11
3754.3410852713187  8.903968534701434e-11
3754.8255813953497  8.892655188608156e-11
3755.3100775193807  8.881343056821311e-11
3755.7945736434117    8.8700321393409e-11
3756.2790697674427  8.858720527971098e-11
3756.7635658914737  8.847409437018339e-11
3757.2480620155047  8.836098693010275e-11
3757.7325581395357  8.824788469419254e-11
3758.2170542635668  8.813476684577104e-11
3758.7015503875978  8.802164899734954e-11
 3759.186046511629  8.790852247531067e-11
  3759.67054263566  8.779538554493094e-11
 3760.155038759691  8.768222953259297e-11
 3760.639534883722   8.75690596424672e-11
 3761.124031007753  8.745587240510666e-11
 3761.608527131784  8.734266955523484e-11
 3762.093023255815  8.722945109285174e-11
 3762.577519379846   8.71161996707226e-11
 3763.062015503877  8.700293437080564e-11
 3763.546511627908  8.688964825420697e-11
 3764.031007751939  8.677633611675617e-11
  3764.51550387597  8.666298928483585e-11
 3765.000000000001  8.654960949316948e-11
 3765.484496124032  8.643622449733268e-11
 3765.968992248063  8.632279092923856e-11
 3766.453488372094  8.620931746250449e-11
 3766.937984496125  8.609583011798261e-11
 3767.422480620156  8.598232022205554e-11
 3767.906976744187  8.586874440663639e-11
 3768.391472868218  8.575516512177028e-11
 3768.875968992249  8.564154246881728e-11
  3769.36046511628  8.552788685611823e-11
 3769.844961240311  8.541420522256704e-11
 3770.329457364342   8.53004836903759e-11
 3770.813953488373  8.518673613733263e-11
 3771.298449612404  8.507294695092593e-11
 3771.782945736435  8.495911266170886e-11
 3772.267441860466  8.484524714746922e-11
 3772.751937984497  8.473136255127134e-11
 3773.236434108528  8.461743632171004e-11
 3773.720930232559  8.450348233657312e-11
  3774.20542635659  8.438948671807278e-11
 3774.689922480621  8.427544599676207e-11
 3775.174418604652  8.416140007128092e-11
 3775.658914728683   8.40473090429894e-11
 3776.143410852714  8.393319025912227e-11
 3776.627906976745  8.381902984189171e-11
 3777.112403100776   8.37048520774264e-11
 3777.596899224807  8.359063441432113e-11
 3778.081395348838   8.34763994039811e-11
 3778.565891472869  8.336212276027766e-11
3779.0503875969002  8.324783397350988e-11
3779.5348837209312  8.313350702282563e-11
3780.0193798449623  8.301916272490661e-11
3780.5038759689933  8.290479934502937e-11
3780.9883720930243  8.279040994429998e-11
3781.4728682170553   8.26759979921654e-11
3781.9573643410863   8.25615669580726e-11
3782.4418604651173  8.244710122951027e-11
3782.9263565891483  8.233263376622446e-11
3783.4108527131793  8.221815415987432e-11
3783.8953488372103  8.210363812433119e-11
3784.3798449612414  8.198912208878806e-11
3784.8643410852724  8.187459044073364e-11
3785.3488372093034  8.176006226212618e-11
3785.8333333333344  8.164549765432572e-11
3786.3178294573654  8.153094865903654e-11
3786.8023255813964  8.141638578595956e-11
3787.2868217054274  8.130181770871214e-11
3787.7713178294584  8.118723228422997e-11
3788.2558139534895  8.107265900281213e-11
3788.7403100775205  8.095807704777691e-11
3789.2248062015515  8.084350029691212e-11
3789.7093023255825  8.072893395438818e-11
3790.1937984496135  8.061436761186425e-11
3790.6782945736445  8.049981861657507e-11
3791.1627906976755  8.038526441711547e-11
3791.6472868217065   8.02707292996141e-11
3792.1317829457375  8.015620805990054e-11
3792.6162790697686  8.004170069797478e-11
3793.1007751937996  7.992719333604903e-11
3793.5852713178306  7.981271372969889e-11
3794.0697674418616  7.969826534837132e-11
3794.5542635658926  7.958382564066113e-11
3795.0387596899236  7.946942756631437e-11
3795.5232558139546  7.935504510447888e-11
3796.0077519379856  7.924069039821902e-11
3796.4922480620166  7.912636518225824e-11
3796.9767441860477  7.901208333438436e-11
3797.4612403100787  7.889782403791568e-11
3797.9457364341097  7.878360810953389e-11
3798.4302325581407  7.866943901868595e-11
3798.9147286821717  7.855529768341363e-11
3799.3992248062027  7.844120492039863e-11
3799.8837209302337  7.832716246436444e-11
3800.3682170542647  7.821317205003453e-11
3800.8527131782957  7.809921286072719e-11
3801.3372093023268   7.79853213256354e-11
3801.8217054263578  7.787148703641833e-11
 3802.306201550389  7.775770131945858e-11
  3802.79069767442  7.764398499143788e-11
 3803.275193798451  7.753032070512145e-11
 3803.759689922482  7.741672060357363e-11
 3804.244186046513   7.73031933604118e-11
 3804.728682170544  7.718974244508292e-11
 3805.213178294575  7.707635397979917e-11
 3805.697674418606  7.696304184234837e-11
 3806.182170542637  7.684980082856008e-11
 3806.666666666668  7.673663787732821e-11
 3807.151162790699  7.662354431503537e-11
  3807.63565891473  7.651054442781025e-11
 3808.120155038761  7.639763648092934e-11
 3808.604651162792  7.628482047439267e-11
 3809.089147286823  7.617207385679503e-11
 3809.573643410854   7.60594347920529e-11
 3810.058139534885  7.594689634127239e-11
 3810.542635658916  7.583443421832481e-11
 3811.027131782947  7.572207791350927e-11
 3811.511627906978  7.560983783516662e-11
 3811.996124031009  7.549768622772124e-11
  3812.48062015504  7.538565258147223e-11
 3812.965116279071   7.52737282228022e-11
 3813.449612403102  7.516189406975293e-11
 3813.934108527133  7.505020736819912e-11
 3814.418604651164  7.493862128060691e-11
 3814.903100775195  7.482715662365802e-11
 3815.387596899226  7.471579951956464e-11
 3815.872093023257  7.460458813224324e-11
 3816.356589147288  7.449348429777736e-11
 3816.841085271319  7.438251924118955e-11
  3817.32558139535  7.427168428886244e-11
 3817.810077519381   7.41609811755195e-11
 3818.294573643412  7.405040469699031e-11
 3818.779069767443  7.393998260885049e-11
 3819.263565891474  7.382968195135398e-11
 3819.748062015505  7.371953915369378e-11
 3820.232558139536  7.360952125612386e-11
 3820.717054263567  7.349967336145458e-11
 3821.201550387598  7.338997465300423e-11
3821.6860465116292  7.328040951826154e-11
3822.1705426356602  7.317100050863168e-11
3822.6550387596913  7.306176497134942e-11
3823.1395348837223  7.295266821194524e-11
3823.6240310077533  7.284373798599475e-11
3824.1085271317843  7.273498643656229e-11
3824.5930232558153  7.262638407334876e-11
3825.0775193798463  7.251794477414197e-11
3825.5620155038773  7.240969802924102e-11
3826.0465116279083  7.230160394000595e-11
3826.5310077519393  7.219368852728891e-11
3827.0155038759704  7.208594658691947e-11
3827.5000000000014  7.197839199668543e-11
3827.9844961240324  7.187101434824594e-11
3828.4689922480634  7.176382058049491e-11
3828.9534883720944  7.165680375453842e-11
3829.4379844961254  7.154998989122863e-11
3829.9224806201564  7.144336164333076e-11
3830.4069767441874  7.133691727612135e-11
3830.8914728682184  7.123066372849429e-11
3831.3759689922495   7.11246218171313e-11
3831.8604651162805  7.101876725590373e-11
3832.3449612403115   7.09131035142585e-11
3832.8294573643425  7.080767049083558e-11
3833.3139534883735  7.070240920503679e-11
3833.7984496124045  7.059736475967249e-11
3834.2829457364355  7.049254409363659e-11
3834.7674418604665  7.038791251245957e-11
3835.2519379844975  7.028350471061096e-11
3835.7364341085286   7.01793016061325e-11
3836.2209302325596  7.007531534208855e-11
3836.7054263565906  6.997156500043733e-11
3837.1899224806216   6.98680106825389e-11
3837.6744186046526   6.97646992259271e-11
3838.1589147286836  6.966161328336717e-11
3838.6434108527146  6.955873203817742e-11
3839.1279069767456   6.94560936542743e-11
3839.6124031007766  6.935368078442306e-11
3840.0968992248077  6.925148648972979e-11
3840.5813953488387  6.914953332159968e-11
3841.0658914728697   6.90478230147562e-11
3841.5503875969007  6.894633995668809e-11
3842.0348837209317  6.884508761684227e-11
3842.5193798449627   6.87440920160709e-11
3843.0038759689937  6.864333233769226e-11
3843.4883720930247  6.854281725532374e-11
3843.9728682170557  6.844254329951838e-11
3844.4573643410868  6.834251220499965e-11
3844.9418604651178  6.824273264538494e-11
 3845.426356589149  6.814321849846205e-11
  3845.91085271318  6.804393680448495e-11
 3846.395348837211  6.794492052319967e-11
 3846.879844961242  6.784615230737145e-11
 3847.364341085273   6.77476252181064e-11
 3847.848837209304  6.764938088876793e-11
 3848.333333333335  6.755137421654567e-11
 3848.817829457366  6.745363642646218e-11
 3849.302325581397   6.73561727226879e-11
 3849.786821705428  6.725895534964721e-11
 3850.271317829459  6.716201900180963e-11
  3850.75581395349  6.706533418887606e-11
 3851.240310077521  6.696892693169865e-11
 3851.724806201552  6.687278335248958e-11
 3852.209302325583  6.677690518597235e-11
 3852.693798449614  6.668131324882864e-11
 3853.178294573645   6.65859919285472e-11
 3853.662790697676  6.649092734734019e-11
 3854.147286821707  6.639616287329453e-11
 3854.631782945738  6.630165340359984e-11
 3855.116279069769  6.620744057161954e-11
   3855.6007751938  6.611349662177801e-11
 3856.085271317831  6.601983022769264e-11
 3856.569767441862  6.592645873659819e-11
 3857.054263565893  6.583335612764252e-11
 3857.538759689924  6.574054842167776e-11
 3858.023255813955  6.564800612840482e-11
 3858.507751937986  6.555577435063409e-11
 3858.992248062017  6.546382012861951e-11
 3859.476744186048  6.537215387070194e-11
 3859.961240310079  6.528077904632834e-11
  3860.44573643411   6.51896817777109e-11
 3860.930232558141  6.509889502459565e-11
 3861.414728682172  6.500838582723656e-11
 3861.899224806203  6.491817500231534e-11
 3862.383720930234  6.482826428455546e-11
 3862.868217054265  6.473864673506302e-11
 3863.352713178296  6.464930327187979e-11
 3863.837209302327  6.456028940615699e-11
 3864.321705426358   6.44715496267434e-11
3864.8062015503892  6.438311515866157e-11
3865.2906976744202   6.42949807977411e-11
3865.7751937984513  6.420713787036458e-11
3866.2596899224823   6.41196106626607e-11
3866.7441860465133   6.40323800926712e-11
3867.2286821705443  6.394545483401348e-11
3867.7131782945753  6.385883315196406e-11
3868.1976744186063  6.377249943401164e-11
3868.6821705426373  6.368648143573186e-11
3869.1666666666683  6.360077742240122e-11
3869.6511627906993  6.351534923010327e-11
3870.1356589147304  6.343026277833008e-11
3870.6201550387614  6.334544694341915e-11
3871.1046511627924  6.326096937958603e-11
3871.5891472868234  6.317678498402035e-11
3872.0736434108544  6.309289549144559e-11
3872.5581395348854  6.300933906577821e-11
3873.0426356589164  6.292608274727218e-11
3873.5271317829474  6.284314908733268e-11
3874.0116279069784  6.276049645259629e-11
3874.4961240310095  6.267817861949077e-11
3874.9806201550405   6.25961591588231e-11
3875.4651162790715  6.251446235672198e-11
3875.9496124031025  6.243306219233524e-11
3876.4341085271335  6.235198295179156e-11
3876.9186046511645  6.227121943092051e-11
3877.4031007751955   6.21907560172108e-11
3877.8875968992265   6.21106100578972e-11
3878.3720930232575   6.20307884918736e-11
3878.8565891472886   6.19512635635644e-11
3879.3410852713196   6.18720560896513e-11
3879.8255813953506  6.179316086596387e-11
3880.3100775193816  6.171459003556645e-11
3880.7945736434126  6.163632451650081e-11
3881.2790697674436  6.155838339072517e-11
3881.7635658914746  6.148074584155783e-11
3882.2480620155056  6.140342574678659e-11
3882.7325581395366  6.132640402445322e-11
3883.2170542635677  6.124971016485681e-11
3883.7015503875987  6.117334416799736e-11
3884.1860465116297   6.10972748088523e-11
3884.6705426356607  6.102153157772072e-11
3885.1550387596917  6.094609712736787e-11
3885.6395348837227  6.087099227447546e-11
3886.1240310077537  6.079617538568005e-11
3886.6085271317847  6.072169503323899e-11
3887.0930232558158  6.064750611434189e-11
3887.5775193798468  6.057365893596955e-11
 3888.062015503878  6.050010319114119e-11
 3888.546511627909   6.04268666354324e-11
  3889.03100775194  6.035394579939624e-11
 3889.515503875971  6.028133721358575e-11
 3890.000000000002  6.020905475578875e-11
 3890.484496124033  6.013706720098266e-11
 3890.968992248064  6.006540924363701e-11
 3891.453488372095  5.999404965872923e-11
 3891.937984496126  5.992301967128189e-11
 3892.422480620157   5.98522811173785e-11
 3892.906976744188  5.978187563038251e-11
 3893.391472868219  5.971177198527133e-11
  3893.87596899225  5.964198232510931e-11
 3894.360465116281  5.957249450683211e-11
 3894.844961240312  5.950332934712144e-11
 3895.329457364343  5.943446949874254e-11
 3895.813953488374  5.936591322697193e-11
 3896.298449612405  5.929766747070353e-11
 3896.782945736436  5.922973222993733e-11
 3897.267441860467  5.916211444356723e-11
 3897.751937984498   5.90948019685289e-11
 3898.236434108529  5.902780174371625e-11
  3898.72093023256  5.896109468717103e-11
 3899.205426356591  5.889470161557497e-11
 3899.689922480622  5.882861038586373e-11
 3900.174418604653  5.876284007999555e-11
 3900.658914728684  5.869737335073566e-11
 3901.143410852715  5.863219632029626e-11
 3901.627906976746  5.856733847897644e-11
 3902.112403100777  5.850277554064753e-11
 3902.596899224808  5.843852658726778e-11
 3903.081395348839  5.837456039381461e-11
  3903.56589147287  5.831090471586364e-11
 3904.050387596901   5.82475508797975e-11
 3904.534883720932 5.8184498885616165e-11
 3905.019379844963  5.812175914166051e-11
 3905.503875968994  5.805929001456711e-11
 3905.988372093025  5.799714875021067e-11
 3906.472868217056 5.7935302388845145e-11
 3906.957364341087  5.787373705268273e-11
 3907.441860465118  5.781247355840513e-11
3907.9263565891492  5.775149282405412e-11
3908.4108527131802  5.769084168716354e-11
3908.8953488372113  5.763045422824131e-11
3909.3798449612423 5.7570380754268236e-11
3909.8643410852733 5.7510593509668695e-11
3910.3488372093043 5.7451102902783546e-11
3910.8333333333353 5.7391889851654554e-11
3911.3178294573663  5.733297170351648e-11
3911.8023255813973 5.7274341519475414e-11
3912.2868217054283 5.7216011442595693e-11
3912.7713178294593  5.715796239091908e-11
3913.2558139534904  5.710019436444558e-11
3913.7403100775214  5.704271777151604e-11
3914.2248062015524  5.698553087740699e-11
3914.7093023255834  5.692862153905409e-11
3915.1937984496144 5.6872005368968637e-11
3915.6782945736454 5.6815659815745434e-11
3916.1627906976764 5.6759605696066195e-11
3916.6472868217074  5.670381872380226e-11
3917.1317829457385 5.6648317980911855e-11
3917.6162790697695 5.6593122549353225e-11
3918.1007751938005 5.6538164774910804e-11
3918.5852713178315  5.648349843401235e-11
3919.0697674418625 5.6429114853040474e-11
3919.5542635658935  5.637499495003695e-11
3920.0387596899245  5.632116127640696e-11
3920.5232558139555 5.6267589546021846e-11
3921.0077519379865  5.621431445335112e-11
3921.4922480620176  5.616128916086094e-11
3921.9767441860486  5.610852581161563e-11
3922.4612403100796  5.605603307923257e-11
3922.9457364341106  5.600383524984043e-11
3923.4302325581416   5.59518820164584e-11
3923.9147286821726  5.590019246104472e-11
3924.3992248062036  5.584876831832286e-11
3924.8837209302346  5.579762346608064e-11
3925.3682170542656    5.5746724944572e-11
3925.8527131782967  5.569609530520214e-11
3926.3372093023277  5.564572067018325e-11
3926.8217054263587 5.5595607978409234e-11
3927.3062015503897  5.554576590349747e-11
3927.7906976744207  5.549616668987234e-11
3928.2751937984517  5.544682248059818e-11
3928.7596899224827 5.5397743684015843e-11
3929.2441860465137  5.534890601399667e-11
3929.7286821705447 5.5300330287222366e-11
3930.2131782945758  5.525198874811732e-11
3930.6976744186068 5.5203917825874527e-11
 3931.182170542638 5.5156082826024466e-11
 3931.666666666669   5.51085080346958e-11
   3932.1511627907  5.506117090048335e-11
 3932.635658914731  5.501408009700448e-11
 3933.120155038762  5.496724256315311e-11
 3933.604651162793  5.492064268641794e-11
 3934.089147286824 5.4874285670969414e-11
 3934.573643410855  5.482816457791362e-11
 3935.058139534886 5.4782279407250556e-11
 3935.542635658917  5.473664230204456e-11
 3936.027131782948 5.4691235915060865e-11
 3936.511627906979 5.4646056776852525e-11
  3936.99612403101  5.460113437771863e-11
 3937.480620155041  5.455643055374271e-11
 3937.965116279072  5.451196959105342e-11
 3938.449612403103  5.446772373407516e-11
 3938.934108527134  5.442372073838353e-11
 3939.418604651165  5.437993978729683e-11
 3939.903100775196 5.4336379146091573e-11
 3940.387596899227 5.4293052692555577e-11
 3940.872093023258 5.4249956957241885e-11
 3941.356589147289  5.420708153180964e-11
  3941.84108527132 5.4164440294046656e-11
 3942.325581395351  5.412200722310079e-11
 3942.810077519382  5.407978578841899e-11
 3943.294573643413  5.403778813306559e-11
 3943.779069767444 5.3996029869551876e-11
 3944.263565891475 5.3954455486726616e-11
 3944.748062015506  5.391311182212366e-11
 3945.232558139537   5.38719780590613e-11
 3945.717054263568  5.383105940170996e-11
 3946.201550387599 5.3790357584793114e-11
  3946.68604651163  5.374985352635253e-11
 3947.170542635661  5.370955936945254e-11
 3947.655038759692 5.3669480318263574e-11
 3948.139534883723 5.3629604229721295e-11
 3948.624031007754  5.358992936910223e-11
 3949.108527131785  5.355045747112985e-11
 3949.593023255816  5.351118680108069e-11
 3950.077519379847  5.347212082840169e-11
3950.5620155038782 5.3433257818369384e-11
3951.0465116279092 5.3394606444601145e-11
3951.5310077519403  5.335610946122227e-11
3952.0155038759713 5.3317843196065695e-11
3952.5000000000023 5.3279757342150624e-11
3952.9844961240333  5.324187618560572e-11
3953.4689922480643  5.320419452226055e-11
3953.9534883720953  5.316668980070993e-11
3954.4379844961263  5.312936202095386e-11
3954.9224806201573  5.309223026495058e-11
3955.4069767441883  5.305529453270008e-11
3955.8914728682194  5.301854441586151e-11
3956.3759689922504 5.2981979914434874e-11
3956.8604651162814  5.294558888535583e-11
3957.3449612403124  5.290938000224177e-11
3957.8294573643434 5.2873351530369206e-11
3958.3139534883744  5.283751908224943e-11
3958.7984496124054 5.2801853167583346e-11
3959.2829457364364 5.2766358990541384e-11
3959.7674418604674  5.273104175529397e-11
3960.2519379844985 5.2695911870181966e-11
3960.7364341085295 5.2660931171288894e-11
3961.2209302325605  5.262615343504251e-11
3961.7054263565915 5.2591519680844634e-11
3962.1899224806225  5.255705766427088e-11
3962.6744186046535   5.25227708547682e-11
3963.1589147286845  5.248866445650702e-11
3963.6434108527155 5.2454705509741295e-11
3964.1279069767465 5.2420918300599695e-11
3964.6124031007776  5.238728895129441e-11
3965.0968992248086  5.235382960488977e-11
3965.5813953488396  5.232051944470406e-11
3966.0658914728706 5.2287368879078144e-11
3966.5503875969016 5.2254388316352873e-11
3967.0348837209326 5.2221565613463916e-11
3967.5193798449636  5.218888342317651e-11
3968.0038759689946 5.2156362562172376e-11
3968.4883720930256 5.2124006499898456e-11
3968.9728682170567  5.209177533771481e-11
3969.4573643410877  5.205971070898485e-11
3969.9418604651187 5.2027802205367735e-11
3970.4263565891497  5.199604809213998e-11
3970.9108527131807  5.196443449151378e-11
3971.3953488372117 5.1932963138212607e-11
3971.8798449612427 5.1901634032236466e-11
3972.3643410852737 5.1870455847202734e-11
3972.8488372093047 5.1839411235876653e-11
3973.3333333333358  5.180851407604603e-11
3973.8178294573668  5.177776263298739e-11
 3974.302325581398  5.174713955946597e-11
 3974.786821705429  5.171665526382263e-11
  3975.27131782946  5.168630974605737e-11
 3975.755813953491  5.165612555757537e-11
 3976.240310077522 5.1626040248331506e-11
 3976.724806201553   5.15961023905831e-11
 3977.209302325584 5.1566313719053625e-11
 3977.693798449615 5.1536618722591854e-11
 3978.178294573646  5.150708332068987e-11
 3978.662790697677  5.147766067581383e-11
 3979.147286821708 5.1448390686603673e-11
 3979.631782945739 5.1419221311355123e-11
  3980.11627906977  5.139018377509075e-11
 3980.600775193801  5.136127113891664e-11
 3981.085271317832  5.133248340283281e-11
 3981.569767441863 5.1303824036286194e-11
 3982.054263565894 5.1275293039276804e-11
 3982.538759689925  5.124686265622902e-11
 3983.023255813956  5.121855196910108e-11
 3983.507751937987  5.119036965151036e-11
 3983.992248062018 5.1162310499286434e-11
 3984.476744186049  5.113435543047107e-11
  3984.96124031008 5.1106528731192924e-11
 3985.445736434111 5.1078802645876387e-11
 3985.930232558142  5.105118411341536e-11
 3986.414728682173  5.102370435883241e-11
 3986.899224806204   5.09963304223815e-11
 3987.383720930235 5.0969050160998286e-11
 3987.868217054266  5.094187571774711e-11
 3988.352713178297  5.091484005237401e-11
 3988.837209302328  5.088787551066343e-11
 3989.321705426359  5.086102893014921e-11
  3989.80620155039 5.0834307249725263e-11
 3990.290697674421  5.080766536658121e-11
 3990.775193798452 5.0781146648803954e-11
 3991.259689922483 5.0754714667200496e-11
 3991.744186046514 5.0728386769005596e-11
 3992.228682170545   5.07021594847723e-11
 3992.713178294576  5.067604322284147e-11
 3993.197674418607  5.065000502346706e-11
3993.6821705426382  5.062409172418292e-11
3994.1666666666692 5.0598256487455195e-11
3994.6511627907003 5.0572511456348224e-11
3995.1356589147313 5.0546889590608046e-11
3995.6201550387623  5.052131976657215e-11
3996.1046511627933  5.049587831207347e-11
3996.5891472868243  5.047051318540774e-11
3997.0736434108553  5.044524867270361e-11
3997.5581395348863 5.0420084773961094e-11
3998.0426356589173 5.0394985059987185e-11
3998.5271317829483  5.036998422525141e-11
3999.0116279069794  5.034506839196595e-11
3999.4961240310104 5.0320261846259484e-11
3999.9806201550414 5.0295536832556387e-11
4000.4651162790724   5.02708760036219e-11
4000.9496124031034   5.02463175233725e-11
4001.4341085271344  5.022181975844475e-11
4001.9186046511654 5.0197422607478615e-11
4002.4031007751964  5.017311566213323e-11
4002.8875968992274 5.0148876371003404e-11
4003.3720930232585  5.012473595911171e-11
4003.8565891472895  5.010066840560601e-11
4004.3410852713205  5.007666503686892e-11
4004.8255813953515  5.005275534319953e-11
4005.3100775193825  5.002893758987437e-11
4005.7945736434135  5.000516667408306e-11
4006.2790697674445  4.998148422918902e-11
4006.7635658914755  4.995789198991574e-11
4007.2480620155065  4.993436046596411e-11
4007.7325581395376 4.9910915678186285e-11
4008.2170542635686 4.9887515993218834e-11
4008.7015503875996   4.98642308000008e-11
4009.1860465116306  4.984100111793399e-11
4009.6705426356616   4.98178356206358e-11
4010.1550387596926  4.979473951227664e-11
4010.6395348837236 4.9771730140091286e-11
4011.1240310077546 4.9748774544333685e-11
4011.6085271317856  4.972591435836726e-11
4012.0930232558167  4.970310100993469e-11
4012.5775193798477  4.968036225461159e-11
4013.0620155038787 4.9657679010439715e-11
4013.5465116279097  4.963507035937731e-11
4014.0310077519407  4.961253630142437e-11
4014.5155038759717  4.959006642824004e-11
4015.0000000000027 4.9567648596759994e-11
4015.4844961240337  4.954530709311289e-11
4015.9689922480648  4.952302457006397e-11
4016.4534883720958  4.950082704846537e-11
 4016.937984496127  4.947867983384757e-11
 4017.422480620158  4.945658292621058e-11
 4017.906976744189  4.943456234640653e-11
  4018.39147286822 4.9412592073583284e-11
 4018.875968992251  4.939070159803993e-11
 4019.360465116282 4.9368847551689576e-11
 4019.844961240313  4.934706809844869e-11
 4020.329457364344  4.932535803414684e-11
 4020.813953488375 4.9303684399037984e-11
 4021.298449612406 4.9282076683421217e-11
 4021.782945736437  4.926053315257306e-11
 4022.267441860468  4.923905727594047e-11
 4022.751937984499   4.92176299715652e-11
  4023.23643410853  4.919624430055336e-11
 4023.720930232561  4.917494363099184e-11
 4024.205426356592 4.9153693268411125e-11
 4024.689922480623  4.913247760029993e-11
 4025.174418604654 4.9111326116957343e-11
 4025.658914728685 4.9090240553106845e-11
 4026.143410852716 4.9069215704578006e-11
 4026.627906976747  4.904822381579521e-11
 4027.112403100778  4.902728049926974e-11
 4027.596899224809  4.900642044947112e-11
  4028.08139534884 4.8985588155248116e-11
 4028.565891472871  4.896483739302848e-11
 4029.050387596902  4.894411438638446e-11
 4029.534883720933  4.892343127838039e-11
 4030.019379844964  4.890283490655012e-11
 4030.503875968995 4.8882273229189366e-11
 4030.988372093026  4.886176879770332e-11
 4031.472868217057   4.88413059995807e-11
 4031.957364341088  4.882091432512059e-11
 4032.441860465119 4.8800543467342195e-11
  4032.92635658915 4.8780252406843694e-11
 4033.410852713181 4.8760008183879044e-11
 4033.895348837212   4.87397708998083e-11
 4034.379844961243 4.8719641168593064e-11
 4034.864341085274  4.869952531516564e-11
 4035.348837209305  4.867945803399554e-11
 4035.833333333336    4.8659458407041e-11
 4036.317829457367  4.863949867872641e-11
4036.8023255813982   4.86195909921161e-11
4037.2868217054292 4.8599730143039643e-11
4037.7713178294603  4.857991092732661e-11
4038.2558139534913  4.856015242693523e-11
4038.7403100775223  4.854042341684295e-11
4039.2248062015533  4.852076553041318e-11
4039.7093023255843   4.85011371342825e-11
4040.1937984496153   4.84815538409622e-11
4040.6782945736463 4.8462031262963556e-11
4041.1627906976773  4.844254511415791e-11
4041.6472868217083 4.8423109272333065e-11
4042.1317829457394  4.840371159442469e-11
4042.6162790697704 4.8384367692944075e-11
4043.1007751938014  4.836509664984945e-11
4043.5852713178324  4.834583948454263e-11
4044.0697674418634  4.832663089149314e-11
4044.5542635658944 4.8307474340147927e-11
4045.0387596899254  4.828835942216614e-11
4045.5232558139564 4.8269298280612105e-11
4046.0077519379875 4.8250266629357164e-11
4046.4922480620185  4.823130436704126e-11
4046.9767441860495 4.8212361186683594e-11
4047.4612403100805 4.8193496068882347e-11
4047.9457364341115  4.817464829831586e-11
4048.4302325581425  4.815586471251798e-11
4048.9147286821735   4.81371175559131e-11
4049.3992248062045 4.8118427645182926e-11
4049.8837209302355  4.809974814279361e-11
4050.3682170542666 4.8081160580748517e-11
4050.8527131782976  4.806258863121471e-11
4051.3372093023286  4.804405658032085e-11
4051.8217054263596  4.802559391836603e-11
4052.3062015503906 4.8007179828668534e-11
4052.7906976744216  4.798879175982318e-11
4053.2751937984526  4.797045226323515e-11
4053.7596899224836  4.795216307362793e-11
4054.2441860465146 4.7933925925724985e-11
4054.7286821705457  4.791571826812113e-11
4055.2131782945767  4.789756091749808e-11
4055.6976744186077   4.78794712210906e-11
4056.1821705426387  4.786139193302397e-11
4056.6666666666697 4.7843382033896376e-11
4057.1511627907007   4.78253998903444e-11
4057.6356589147317  4.780748887045494e-11
4058.1201550387627 4.7789596932523715e-11
4058.6046511627937  4.777174836267939e-11
4059.0891472868248  4.775398652900886e-11
4059.5736434108558  4.773624377729657e-11
 4060.058139534887  4.771854959784161e-11
 4060.542635658918 4.7700898786473545e-11
 4061.027131782949 4.7683306955703664e-11
  4061.51162790698  4.766573767633897e-11
 4061.996124031011  4.764823605118984e-11
 4062.480620155042 4.7630776059404134e-11
 4062.965116279073  4.761337504821661e-11
 4063.449612403104  4.759599832315775e-11
 4063.934108527135  4.757867017035622e-11
 4064.418604651166  4.756140446759982e-11
 4064.903100775197 4.7544185602377276e-11
 4065.387596899228 4.7526999696900774e-11
 4065.872093023259  4.750985715951117e-11
  4066.35658914729  4.749279268467799e-11
 4066.841085271321 4.7475766373761275e-11
 4067.325581395352  4.745877996148451e-11
 4067.810077519383 4.7441831713124216e-11
 4068.294573643414  4.742495285370296e-11
 4068.779069767445   4.74081034845808e-11
 4069.263565891476 4.7391332178015055e-11
 4069.748062015507  4.737459209647188e-11
 4070.232558139538   4.73578884441217e-11
 4070.717054263569   4.73412437723697e-11
   4071.2015503876  4.732464073398113e-11
 4071.686046511631 4.7308110553978544e-11
 4072.170542635662 4.7291604660104625e-11
 4072.655038759693 4.7275176828787124e-11
 4073.139534883724 4.7258795835003475e-11
 4073.624031007755  4.724244780096587e-11
 4074.108527131786  4.722613619612126e-11
 4074.593023255817  4.720989918438612e-11
 4075.077519379848 4.7193735031036965e-11
 4075.562015503879 4.7177591694369525e-11
  4076.04651162791 4.7161512542470696e-11
 4076.531007751941  4.714546981976486e-11
 4077.015503875972  4.712950342489197e-11
 4077.500000000003  4.711355611197732e-11
 4077.984496124034 4.7097690331066033e-11
 4078.468992248065  4.708187312241208e-11
 4078.953488372096 4.7066109690185876e-11
4079.4379844961272  4.705039136077005e-11
4079.9224806201582  4.703471292999417e-11
4080.4069767441893 4.7019102153433856e-11
4080.8914728682203  4.700356423525953e-11
4081.3759689922513  4.698807662406601e-11
4081.8604651162823  4.697262023789506e-11
4082.3449612403133 4.6957207219811004e-11
4082.8294573643443  4.694189308096508e-11
4083.3139534883753  4.692659455463044e-11
4083.7984496124063  4.691137756029917e-11
4084.2829457364373  4.689621087294871e-11
4084.7674418604684 4.6881094492579045e-11
4085.2519379844994  4.686603882753104e-11
4085.7364341085304  4.685103867363427e-11
4086.2209302325614  4.683610617395306e-11
4086.7054263565924   4.68212135729118e-11
4087.1899224806234  4.680637301357482e-11
4087.6744186046544 4.6791612251517734e-11
4088.1589147286854 4.6776903531164926e-11
4088.6434108527164 4.6762252056686826e-11
4089.1279069767475 4.6747649154466053e-11
4089.6124031007785  4.673311911063127e-11
4090.0968992248095  4.671863590433034e-11
4090.5813953488405 4.6704211678627594e-11
4091.0658914728715 4.6689853372416934e-11
4091.5503875969025 4.6675547107910553e-11
4092.0348837209335  4.666132064068407e-11
4092.5193798449645  4.664714794988534e-11
4093.0038759689955 4.6633032504961314e-11
4093.4883720930266 4.6618962162847666e-11
4093.9728682170576 4.6604983761078245e-11
4094.4573643410886 4.6591017502373155e-11
4094.9418604651196  4.657714491873577e-11
4095.4263565891506  4.656333825459047e-11
4095.9108527131816 4.6549602714107685e-11
 4096.395348837213 4.6535903602817896e-11
 4096.879844961244 4.6522282554084526e-11
 4097.364341085275  4.650872395539629e-11
 4097.848837209305  4.649521913313581e-11
 4098.333333333337 4.6481787169261324e-11
 4098.817829457368  4.646841418598502e-11
 4099.302325581399 4.6455096713859945e-11
 4099.786821705429  4.644186597790867e-11
 4100.271317829461  4.642867687532082e-11
 4100.755813953492  4.641557277418329e-11
 4101.240310077523   4.64025380619848e-11
 4101.724806201553  4.638954671787321e-11
 4102.209302325585 4.6376600476571994e-11
 4102.693798449616    4.6363782604808e-11
 4103.178294573647 4.6350983815002245e-11
 4103.662790697677  4.633827870026419e-11
 4104.147286821709 4.6325613484166084e-11
  4104.63178294574  4.631301939173049e-11
 4105.116279069771  4.630052417853303e-11
 4105.600775193801 4.6288056720911186e-11
 4106.085271317833  4.627569681614485e-11
 4106.569767441864 4.6263359462783704e-11
 4107.054263565895  4.625112445810764e-11
 4107.538759689925  4.623893976041238e-11
 4108.023255813957  4.622683139055006e-11
 4108.507751937988  4.621479414435026e-11
 4108.992248062019 4.6202821082919066e-11
4109.4767441860495 4.6190920879873865e-11
 4109.961240310081  4.617907098380947e-11
 4110.445736434112 4.6167330375324056e-11
 4110.930232558143 4.6155641808542924e-11
4111.4147286821735  4.614402263070083e-11
 4111.899224806205  4.613245896400997e-11
 4112.383720930236  4.612098203349291e-11
 4112.868217054267  4.610956234885055e-11
 4113.352713178298  4.609823286982895e-11
 4113.837209302329 4.6086962371405527e-11
4114.3217054263605  4.607575432302724e-11
 4114.806201550391  4.606466076639837e-11
 4115.290697674422 4.6053589761174685e-11
 4115.775193798453  4.604261069629523e-11
4116.2596899224845  4.603170102035481e-11
 4116.744186046515  4.602086073335343e-11
 4117.228682170546 4.6010105447802374e-11
 4117.713178294577  4.599941261229645e-11
 4118.197674418609   4.59888013087939e-11
 4118.682170542639  4.597824725116606e-11
  4119.16666666667  4.596778686860592e-11
 4119.651162790701  4.595739067081439e-11
 4120.135658914733    4.5947056923068e-11
 4120.620155038763 4.5936808176771926e-11
 4121.104651162794  4.592662708469142e-11
 4121.589147286825  4.591655007601947e-11
 4122.073643410857  4.590649908819966e-11
 4122.558139534887  4.589656432685274e-11
 4123.042635658918  4.588669895444486e-11
 4123.527131782949  4.587689082791169e-11
 4124.011627906981 4.5867164233381885e-11
 4124.496124031011   4.58575087625146e-11
 4124.980620155042  4.584791400696897e-11
 4125.465116279073 4.5838409457044094e-11
 4125.949612403105  4.582899511273997e-11
 4126.434108527135  4.581964668792793e-11
 4126.918604651166 4.5810364182607977e-11
 4127.403100775197  4.580117361763225e-11
 4127.887596899229  4.579203856380776e-11
 4128.372093023259 4.5783002389221394e-11
  4128.85658914729 4.5774025195233214e-11
 4129.341085271321  4.576514167631274e-11
 4129.825581395353 4.5756320607437395e-11
 4130.310077519383 4.5747572396948044e-11
 4130.794573643414  4.573891092263249e-11
 4131.279069767445 4.5730324041426407e-11
 4131.763565891477  4.572179440609503e-11
4132.2480620155075 4.5713379262513065e-11
 4132.732558139538  4.570501789535886e-11
4133.2170542635695  4.569672418242021e-11
 4133.701550387601  4.568851547093189e-11
4134.1860465116315 4.5680398699787794e-11
 4134.670542635662  4.567234611341231e-11
4135.1550387596935  4.566435250763501e-11
 4135.639534883725 4.5656454311648886e-11
 4136.124031007756  4.564863417821918e-11
 4136.608527131786 4.5640902515686754e-11
 4137.093023255818 4.5633205547623845e-11
 4137.577519379849  4.562563694909816e-11
  4138.06201550388  4.561810824921242e-11
  4138.54651162791 4.5610680163288286e-11
 4139.031007751942  4.560332146630319e-11
 4139.515503875973  4.559603042353366e-11
 4140.000000000004  4.558883132110836e-11
 4140.484496124034 4.5581696403451666e-11
 4140.968992248066  4.557465689558615e-11
 4141.453488372097  4.556767636831882e-11
 4141.937984496128  4.556076522999053e-11
 4142.422480620158  4.555394950145342e-11
  4142.90697674419 4.5547206631302295e-11
 4143.391472868221 4.5540519272302404e-11
 4143.875968992252 4.5533930792540644e-11
 4144.360465116282  4.552741864061183e-11
 4144.844961240314  4.552097067345162e-11
 4145.329457364345 4.5514592095230455e-11
 4145.813953488376 4.5508314130970895e-11
 4146.298449612406 4.5502105555650374e-11
 4146.782945736438  4.549594555258718e-11
 4147.267441860469  4.548991044961426e-11
   4147.7519379845 4.5483913510557805e-11
  4148.23643410853  4.547800504239863e-11
 4148.720930232562 4.5472176371519346e-11
 4149.205426356593  4.546640841596172e-11
 4149.689922480624  4.546072546185442e-11
 4150.174418604654  4.545512057030354e-11
 4150.658914728686  4.544956425100999e-11
 4151.143410852717 4.5444103341507613e-11
 4151.627906976748   4.54387100862208e-11
4152.1124031007785  4.543340183238431e-11
  4152.59689922481  4.542816817165729e-11
 4153.081395348841  4.542299349152845e-11
 4153.565891472872  4.541790554757341e-11
4154.0503875969025  4.541289219672784e-11
 4154.534883720934 4.5407948234821305e-11
 4155.019379844965  4.540306498823643e-11
 4155.503875968996 4.5398259804207974e-11
 4155.988372093027 4.5393546560523745e-11
 4156.472868217058 4.5388885358543796e-11
4156.9573643410895  4.538430742329069e-11
  4157.44186046512  4.537979020335925e-11
 4157.926356589151  4.537535625015465e-11
 4158.410852713182  4.537099515533605e-11
4158.8953488372135 4.5366687836945196e-11
 4159.379844961244 4.5362467254728145e-11
 4159.864341085275  4.535830912255623e-11
 4160.348837209306  4.535422211404683e-11
 4160.833333333338 4.5350225311158177e-11
 4161.317829457368  4.534626493746252e-11
 4161.802325581399 4.5342382626323285e-11
  4162.28682170543  4.533857317357004e-11
 4162.771317829462  4.533482617086193e-11
 4163.255813953492 4.5331172843221523e-11
 4163.740310077523 4.5327559414221064e-11
 4164.224806201554  4.532402404777702e-11
 4164.709302325586 4.5320547661931165e-11
 4165.193798449616  4.531714933864173e-11
 4165.678294573647 4.5313804791780044e-11
 4166.162790697678 4.5310557389433015e-11
  4166.64728682171 4.5307341212108554e-11
  4167.13178294574 4.5304210036234416e-11
 4167.616279069771  4.530112396317065e-11
 4168.100775193802  4.529812289155721e-11
 4168.585271317834 4.5295180800541957e-11
 4169.069767441864 4.5292292485954455e-11
 4169.554263565895   4.52894874380938e-11
 4170.038759689926  4.528672749304352e-11
 4170.523255813958 4.5284031732761854e-11
 4171.007751937988  4.528141056558965e-11
 4171.492248062019 4.5278831031780875e-11
  4171.97674418605  4.527633302997547e-11
 4172.461240310082 4.5273873192086533e-11
 4172.945736434112  4.527148274313664e-11
 4173.430232558143 4.5269177295637064e-11
 4173.914728682174 4.5266904807883535e-11
 4174.399224806206  4.526469477017514e-11
 4174.883720930236 4.5262557590852737e-11
 4175.368217054267  4.526045684072333e-11
4175.8527131782985 4.5258415071192104e-11
  4176.33720930233 4.5256447894770346e-11
4176.8217054263605 4.5254520616988536e-11
 4177.306201550391  4.525266966703967e-11
4177.7906976744225  4.525084126849599e-11
 4178.275193798454  4.524908052416787e-11
4178.7596899224845  4.524739263822575e-11
 4179.244186046515  4.524574465092357e-11
 4179.728682170547 4.5244167787283907e-11
 4180.213178294578  4.524261867921986e-11
 4180.697674418609  4.524113028647747e-11
 4181.182170542639 4.5239700874333266e-11
 4181.666666666671  4.523831136082901e-11
 4182.151162790702  4.523696521541165e-11
 4182.635658914733  4.523567284642205e-11
 4183.120155038763  4.523442904968977e-11
 4183.604651162795 4.5233263315513916e-11
 4184.089147286826  4.523212880636063e-11
 4184.573643410857 4.5231016848612526e-11
 4185.058139534887  4.522997081035651e-11
 4185.542635658919  4.522898028325173e-11
  4186.02713178295  4.522801751172256e-11
 4186.511627906981 4.5227098108280295e-11
 4186.996124031011  4.522624982850054e-11
 4187.480620155043  4.522542410012598e-11
 4187.965116279074  4.522464173983831e-11
 4188.449612403105 4.5223902747637545e-11
 4188.934108527135  4.522321059297063e-11
 4189.418604651167  4.522255486749671e-11
 4189.903100775198  4.522193383649231e-11
 4190.387596899229  4.522136658191567e-11
 4190.872093023259  4.522082534819116e-11
 4191.356589147291  4.522032574783008e-11
 4191.841085271322  4.521987298500285e-11
 4192.325581395353  4.521945144719819e-11
 4192.810077519383 4.5219055930245666e-11
 4193.294573643415 4.5218724598061755e-11
 4193.779069767446  4.521839847004827e-11
 4194.263565891477  4.521810703650431e-11
4194.7480620155075 4.5217845093259434e-11
 4195.232558139539  4.521762651810146e-11
  4195.71705426357  4.521744610685996e-11
 4196.201550387601 4.5217302124811454e-11
4196.6860465116315 4.5217168551103804e-11
 4197.170542635663 4.5217076610759577e-11
 4197.655038759694  4.521699681347968e-11
 4198.139534883725 4.5216974262074494e-11
 4198.624031007756 4.5216960384286686e-11
 4199.108527131787   4.52169812009684e-11
4199.5930232558185  4.521700548709706e-11
 4200.077519379849  4.521706967186567e-11
  4200.56201550388  4.521716681638033e-11
 4201.046511627911  4.521728651230017e-11
4201.5310077519425  4.521741661656087e-11
 4202.015503875973  4.521756753750328e-11
 4202.500000000004  4.521773580568045e-11
 4202.984496124035  4.521794917666799e-11
 4203.468992248067  4.521816254765554e-11
 4203.953488372097  4.521838979643089e-11
 4204.437984496128  4.521866735218705e-11
 4204.922480620159  4.521892409126149e-11
 4205.406976744191  4.521921899425241e-11
 4205.891472868221 4.5219517366690276e-11
 4206.375968992252 4.5219827882192476e-11
 4206.860465116283  4.522015054075901e-11
 4207.344961240315   4.52204905465603e-11
 4207.829457364345 4.5220840960702446e-11
 4208.313953488376 4.5221226069314113e-11
 4208.798449612407 4.5221595565414496e-11
 4209.282945736439  4.522197373513226e-11
 4209.767441860469 4.5222367517361306e-11
   4210.2519379845  4.522278038154859e-11
 4210.736434108531  4.522317242905416e-11
 4211.220930232563  4.522358182379449e-11
 4211.705426356593  4.522400336159915e-11
 4212.189922480624 4.5224428368850766e-11
 4212.674418604655  4.522487072333714e-11
 4213.158914728687  4.522527664863052e-11
 4213.643410852717  4.522569818643518e-11
 4214.127906976748  4.522615268398589e-11
 4214.612403100779  4.522656901762012e-11
 4215.096899224811  4.522700443321259e-11
 4215.581395348841   4.52274155626764e-11
 4216.065891472872  4.522785965188625e-11
 4216.550387596903 4.5228253434115295e-11
 4217.034883720935  4.522866629830258e-11
 4217.519379844965  4.522909130555419e-11
 4218.003875968996  4.522949202667714e-11
4218.4883720930275  4.522988580890619e-11
 4218.972868217059  4.523028306058219e-11
4219.4573643410895 4.5230647352512143e-11
  4219.94186046512  4.523103593057076e-11
4220.4263565891515 4.5231384609989433e-11
 4220.910852713183  4.523171247272639e-11
4221.3953488372135  4.523204207018683e-11
 4221.879844961244  4.523237687181769e-11
 4222.364341085276 4.5232668305361656e-11
 4222.848837209307 4.5232944126394337e-11
 4223.333333333338  4.523321821270354e-11
 4223.817829457368 4.5233474951777985e-11
   4224.3023255814  4.523371781306462e-11
 4224.786821705431  4.523392597988174e-11
 4225.271317829462 4.5234134146698857e-11
 4225.755813953492   4.52343041495995e-11
 4226.240310077524  4.523445160109496e-11
 4226.724806201555   4.52345712970148e-11
 4227.209302325586   4.52346944623816e-11
 4227.693798449616  4.523477425966149e-11
 4228.178294573648  4.523480895413101e-11
 4228.662790697679  4.523485405694139e-11
  4229.14728682171 4.5234859261111815e-11
  4229.63178294574  4.523481415830144e-11
 4230.116279069772  4.523475864715021e-11
 4230.600775193803  4.523465976791208e-11
 4231.085271317834  4.523456088867395e-11
 4231.569767441864  4.523439262049678e-11
 4232.054263565896 4.5234220882872656e-11
 4232.538759689927   4.52339936340973e-11
 4233.023255813958 4.5233742099193286e-11
 4233.507751937988  4.523346107399018e-11
  4233.99224806202  4.523313668070017e-11
 4234.476744186051  4.523278279711107e-11
 4234.961240310082  4.523238207598812e-11
 4235.445736434112 4.5231918904820034e-11
 4235.930232558144 4.5231448794758045e-11
 4236.414728682175 4.5230914499927444e-11
 4236.899224806206  4.523035071479775e-11
 4237.383720930236 4.5229745296304635e-11
 4237.868217054268  4.522908783610724e-11
 4238.352713178299 4.5228392211993373e-11
  4238.83720930233  4.522766362813346e-11
4239.3217054263605  4.522686392061104e-11
 4239.806201550392  4.522602778389562e-11
 4240.290697674423 4.5225127462411585e-11
 4240.775193798454  4.522422540620408e-11
4241.2596899224845 4.5223229674928866e-11
 4241.744186046516  4.522216802416157e-11
4242.2286821705475  4.522109769977689e-11
 4242.713178294578 4.5219957986453174e-11
 4243.197674418609 4.5218754088360846e-11
  4243.68217054264  4.521752416941638e-11
4244.1666666666715  4.521621618791549e-11
 4244.651162790702 4.5214844021645995e-11
 4245.135658914733  4.521342675256612e-11
 4245.620155038764  4.521194529871764e-11
 4246.104651162796  4.521039098648316e-11
 4246.589147286826  4.520881238812002e-11
 4247.073643410857 4.5207152257753513e-11
 4247.558139534888 4.5205431412065344e-11
  4248.04263565892  4.520365332050247e-11
  4248.52713178295  4.520181104417098e-11
 4249.011627906981  4.519991846085869e-11
 4249.496124031012  4.519793567192565e-11
 4249.980620155044  4.519590431073528e-11
 4250.465116279074  4.519378274392416e-11
 4250.949612403105    4.5191628217367e-11
 4251.434108527136   4.51893748115717e-11
 4251.918604651168  4.518706589462518e-11
 4252.403100775198 4.5184678915122234e-11
 4252.887596899229  4.518224856753239e-11
  4253.37209302326  4.517972281015137e-11
 4253.856589147292   4.51771207249374e-11
 4254.341085271322  4.517446139384873e-11
 4254.825581395353  4.517172746965059e-11
 4255.310077519384  4.516891548289603e-11
 4255.794573643416  4.516599247383901e-11
 4256.279069767446  4.516305558699418e-11
 4256.763565891477  4.516002502508165e-11
 4257.248062015508  4.515690425754837e-11
  4257.73255813954 4.5153684610776956e-11
  4258.21705426357 4.5150412922301264e-11
 4258.701550387601  4.514706317126915e-11
 4259.186046511632    4.5143644031298e-11
 4259.670542635664  4.514009305234268e-11
 4260.155038759694 4.5136510848364786e-11
 4260.639534883725  4.513281935680791e-11
4261.1240310077565 4.5129051537418086e-11
 4261.608527131788  4.512520739019532e-11
4262.0930232558185 4.5121290384586565e-11
 4262.577519379849  4.511724847888754e-11
4263.0620155038805 4.5113166674548566e-11
 4263.546511627912  4.510897037846018e-11
4264.0310077519425  4.510469601981537e-11
 4264.515503875973  4.510032798610286e-11
 4265.000000000005  4.509587148149308e-11
 4265.484496124036  4.509133344487992e-11
 4265.968992248067  4.508670693736949e-11
 4266.453488372097   4.50819694075566e-11
 4266.937984496129  4.507716248880467e-11
  4267.42248062016  4.507224454775027e-11
 4267.906976744191  4.506727803443855e-11
 4268.391472868221 4.5062153661290516e-11
 4268.875968992253  4.505695989920344e-11
 4269.360465116284 4.5051701952347756e-11
 4269.844961240315 4.5046312166507896e-11
 4270.329457364345  4.504087380841071e-11
 4270.813953488377  4.503530187660587e-11
 4271.298449612408  4.502964494335071e-11
 4271.782945736439  4.502388392668699e-11
 4272.267441860469  4.501802923495557e-11
 4272.751937984501   4.50120912764973e-11
 4273.236434108532 4.5006035356842666e-11
 4273.720930232563  4.499987708850295e-11
 4274.205426356593  4.499365810484157e-11
 4274.689922480625 4.4987288200237785e-11
 4275.174418604656  4.498084890669496e-11
 4275.658914728687 4.4974288182508815e-11
 4276.143410852717  4.496764939576625e-11
 4276.627906976749 4.4960904790891654e-11
  4277.11240310078   4.49540630415024e-11
 4277.596899224811 4.4947101596193306e-11
 4278.081395348841 4.4940034332752177e-11
 4278.565891472873 4.4932908088712864e-11
 4279.050387596904    4.4925641332072e-11
 4279.534883720935  4.491826355312867e-11
 4280.019379844965  4.491076954771245e-11
 4280.503875968997  4.490320962280414e-11
 4280.988372093028 4.4895533471422944e-11
 4281.472868217059  4.488776884914447e-11
4281.9573643410895  4.487985677537054e-11
 4282.441860465121 4.4871878782104524e-11
 4282.926356589152  4.486379150125952e-11
 4283.410852713183 4.4855575850877294e-11
4283.8953488372135  4.484725438236303e-11
 4284.379844961245  4.483884791239845e-11
4284.8643410852765  4.483032001179055e-11
 4285.348837209307 4.4821655068028043e-11
 4285.833333333338  4.481294155200821e-11
 4286.317829457369 4.4804096197004206e-11
4286.8023255814005  4.479513981969774e-11
 4287.286821705431  4.478608456315314e-11
 4287.771317829462  4.477689920234784e-11
 4288.255813953493 4.4767618431751366e-11
 4288.740310077525  4.475822490412895e-11
 4289.224806201555  4.474873423199188e-11
 4289.709302325586 4.4739113455594115e-11
 4290.193798449617  4.472940594302255e-11
 4290.678294573649  4.471956485674333e-11
 4291.162790697679   4.47096526468016e-11
  4291.64728682171 4.4699591250640935e-11
 4292.131782945741  4.468945699609428e-11
 4292.616279069773  4.467920824979821e-11
 4293.100775193803  4.466879470477192e-11
 4293.585271317834 4.4658310036083115e-11
 4294.069767441865  4.464774383539094e-11
 4294.554263565897 4.4637035387373736e-11
 4295.038759689927  4.462621591705407e-11
 4295.523255813958 4.4615307975837126e-11
 4296.007751937989 4.4604278603976866e-11
 4296.492248062021  4.459313474036719e-11
 4296.976744186051  4.458188679334896e-11
 4297.461240310082  4.457052088513436e-11
 4297.945736434113   4.45590508935112e-11
 4298.430232558145   4.45474681448621e-11
 4298.914728682175  4.453581947672092e-11
 4299.399224806206  4.452401121401994e-11
 4299.883720930237  4.451209539846346e-11
 4300.368217054269 4.4500092846733175e-11
 4300.852713178299  4.448800529355257e-11
  4301.33720930233  4.447574253330089e-11
 4301.821705426361  4.446339650632236e-11
 4302.306201550393 4.4450942926488324e-11
 4302.790697674423  4.443839740631006e-11
 4303.275193798454  4.442573392493543e-11
 4303.759689922485  4.441296982959919e-11
 4304.244186046517  4.440009471196049e-11
4304.7286821705475 4.4387110306742805e-11
 4305.213178294578  4.437401834866961e-11
4305.6976744186095  4.436082404191133e-11
 4306.182170542641  4.434753085591492e-11
4306.6666666666715  4.433412838233952e-11
 4307.151162790702  4.432059927395038e-11
4307.6356589147335 4.4307005980792624e-11
 4308.120155038765 4.4293263501415936e-11
 4308.604651162796 4.4279448163653257e-11
 4309.089147286826  4.426552527303507e-11
 4309.573643410858 4.4251512176796126e-11
 4310.058139534889 4.4237330812380016e-11
  4310.54263565892  4.422312516183524e-11
  4311.02713178295 4.4208787672306293e-11
 4311.511627906982 4.4194337425751407e-11
 4311.996124031013  4.417981779025748e-11
 4312.480620155044  4.416511947824553e-11
 4312.965116279074   4.41504124926162e-11
 4313.449612403106   4.41355441777036e-11
 4313.934108527137 4.4120606473851964e-11
 4314.418604651168 4.4105554278250914e-11
 4314.903100775198  4.409042922426387e-11
  4315.38759689923  4.407519314797437e-11
 4315.872093023261 4.4059861661893684e-11
 4316.356589147292  4.404442435768097e-11
 4316.841085271322  4.402889511312402e-11
 4317.325581395354  4.401324790737071e-11
 4317.810077519385 4.3997564272424405e-11
 4318.294573643416 4.3981757472111305e-11
 4318.779069767446   4.39658569967305e-11
 4319.263565891478 4.3949850703217663e-11
 4319.748062015509 4.3933771551318834e-11
  4320.23255813954  4.391760045907578e-11
  4320.71705426357  4.390132181397721e-11
 4321.201550387602 4.3884952963257895e-11
 4321.686046511633  4.386852339721692e-11
 4322.170542635664  4.385198627832043e-11
 4322.655038759694  4.383536936214405e-11
 4323.139534883726  4.381866050562344e-11
 4323.624031007757  4.380184930041775e-11
 4324.108527131788  4.378498084933735e-11
4324.5930232558185  4.376802739680663e-11
  4325.07751937985 4.3750971595590826e-11
 4325.562015503881 4.3733837731818603e-11
 4326.046511627912  4.371663968327777e-11
4326.5310077519425 4.3699334081881425e-11
 4327.015503875974 4.3681966030439945e-11
4327.5000000000055  4.366450950810119e-11
 4327.984496124036  4.364699400516425e-11
 4328.468992248067  4.362936747992485e-11
 4328.953488372098 4.3611735750515024e-11
4329.4379844961295 4.3593975651567973e-11
  4329.92248062016 4.3576140959511456e-11
 4330.406976744191 4.3558221266004615e-11
 4330.891472868222  4.354025993913435e-11
 4331.375968992254  4.352222401915462e-11
 4331.860465116284  4.350410483244804e-11
 4332.344961240315 4.3485933604037186e-11
 4332.829457364346 4.3467660026941246e-11
 4333.313953488378  4.344933787758798e-11
 4333.798449612408  4.343098623793562e-11
 4334.282945736439  4.341254612738599e-11
  4334.76744186047  4.339405050568512e-11
 4335.251937984502  4.337542131027661e-11
 4335.736434108532  4.335681119682633e-11
 4336.220930232563 4.3338112612478774e-11
 4336.705426356594 4.3319342904468705e-11
 4337.189922480626  4.330055931867083e-11
 4337.674418604656  4.328167685363482e-11
 4338.158914728687   4.32627735719171e-11
 4338.643410852718  4.324377314568473e-11
  4339.12790697675  4.322476057638802e-11
  4339.61240310078  4.320569770011051e-11
 4340.096899224811 4.3186542883488777e-11
 4340.581395348842  4.316737245435576e-11
 4341.065891472874   4.31481829432645e-11
 4341.550387596904 4.3128899757105543e-11
 4342.034883720935 4.3109578407030114e-11
 4342.519379844966  4.309021021942083e-11
 4343.003875968998 4.3070805602618556e-11
 4343.488372093028 4.3051364556623284e-11
 4343.972868217059 4.3031866264753305e-11
  4344.45736434109  4.301237144233028e-11
 4344.941860465122 4.2992840190714254e-11
 4345.426356589152  4.297322393764791e-11
 4345.910852713183 4.2953572990112043e-11
 4346.395348837214  4.293393765508746e-11
 4346.879844961246  4.291423813529427e-11
4347.3643410852765 4.2894517798819365e-11
 4347.848837209307   4.28747731762158e-11
4348.3333333333385  4.285500947165399e-11
  4348.81782945737 4.2835178112876626e-11
4349.3023255814005  4.281534328465231e-11
 4349.786821705431  4.279550845642799e-11
4350.2713178294625 4.2775637199010674e-11
 4350.755813953494  4.275574339018817e-11
 4351.240310077525  4.273584611191872e-11
 4351.724806201555 4.2715905465562365e-11
 4352.209302325587   4.26959873706112e-11
 4352.693798449618  4.267603111174356e-11
 4353.178294573649  4.265606270981159e-11
 4353.662790697679  4.263608389953877e-11
 4354.147286821711  4.261610682398942e-11
 4354.631782945742  4.259611760537574e-11
 4355.116279069773  4.257613185620901e-11
 4355.600775193803  4.255610447367886e-11
 4356.085271317835  4.253610484672432e-11
 4356.569767441866 4.2516105219769784e-11
 4357.054263565897  4.249612294005001e-11
 4357.538759689927  4.247610596586071e-11
 4358.023255813959 4.2456101134735746e-11
  4358.50775193799  4.243610497722816e-11
 4358.992248062021 4.2416148718360525e-11
 4359.476744186051  4.239614388723556e-11
 4359.961240310083 4.2376211914496587e-11
 4360.445736434114 4.2356236573670714e-11
 4360.930232558145  4.233631674399607e-11
 4361.414728682175  4.231637956708667e-11
 4361.899224806207  4.229648575826417e-11
 4362.383720930238 4.2276591949441666e-11
 4362.868217054269  4.225673803925911e-11
 4363.352713178299  4.223691188465217e-11
 4363.837209302331  4.221709613838609e-11
 4364.321705426362  4.219728733101391e-11
 4364.806201550393 4.2177546177857295e-11
 4365.290697674423  4.215779461635982e-11
 4365.775193798455 4.2138079484055346e-11
 4366.259689922486  4.211843200596643e-11
 4366.744186046517  4.209879667094185e-11
4367.2286821705475  4.207920470400417e-11
 4367.713178294579  4.205964569681253e-11
  4368.19767441861 4.2040102302132176e-11
 4368.682170542641  4.202064911307257e-11
4369.1666666666715 4.2001180311501685e-11
 4369.651162790703  4.198181385861588e-11
 4370.135658914734 4.1962459548794406e-11
 4370.620155038765  4.194316768901807e-11
 4371.104651162796 4.1923920932052106e-11
 4371.589147286827 4.1904733155684326e-11
4372.0736434108585 4.1885597421020826e-11
 4372.558139534889  4.186653454474332e-11
  4373.04263565892  4.184752371017009e-11
 4373.527131782951 4.1828573590918516e-11
4374.0116279069825  4.180965643141299e-11
 4374.496124031013  4.179078263999436e-11
 4374.980620155044 4.1772019870878196e-11
 4375.465116279075 4.1753298735125455e-11
 4375.949612403107  4.173469556056908e-11
 4376.434108527137 4.1716104529077036e-11
 4376.918604651168  4.169763492822831e-11
 4377.403100775199  4.167920696074301e-11
 4377.887596899231  4.166085011692022e-11
 4378.372093023261  4.164259909122947e-11
 4378.856589147292 4.1624401841966474e-11
 4379.341085271323   4.16062895941538e-11
 4379.825581395355 4.1588272756132305e-11
 4380.310077519385 4.1570335715390705e-11
 4380.794573643416  4.155249061499333e-11
 4381.279069767447  4.153471316881152e-11
 4381.763565891479  4.151702766297394e-11
 4382.248062015509  4.149946358777967e-11
  4382.73255813954 4.1481977575141826e-11
 4383.217054263571  4.146460778897687e-11
 4383.701550387603  4.144728657506924e-11
 4384.186046511633 4.1430107608486644e-11
 4384.670542635664 4.1412998030843085e-11
 4385.155038759695 4.1396035904694983e-11
 4385.639534883727  4.137913449386854e-11
 4386.124031007757 4.1362338901174134e-11
 4386.608527131788  4.134567861691085e-11
 4387.093023255819 4.1329106803544846e-11
 4387.577519379851 4.1312652951375206e-11
 4388.062015503881  4.129631706040193e-11
 4388.546511627912  4.128009219173112e-11
 4389.031007751943 4.1264011305108816e-11
 4389.515503875975  4.124800848104293e-11
4390.0000000000055 4.1232134026514267e-11
 4390.484496124036  4.121637753318197e-11
4390.9689922480675  4.120078236913294e-11
 4391.453488372099  4.118527047181075e-11
4391.9379844961295 4.1169923373218786e-11
  4392.42248062016  4.115466127607714e-11
4392.9069767441915  4.113953275264315e-11
 4393.391472868223  4.112458637517413e-11
 4393.875968992254  4.110976663251886e-11
 4394.360465116284  4.109505964688953e-11
 4394.844961240316 4.1080467153009614e-11
 4395.329457364347  4.106605160092425e-11
 4395.813953488378  4.105171758084225e-11
 4396.298449612408   4.10375969317478e-11
  4396.78294573644 4.1023602917467095e-11
 4397.267441860471   4.10097164560419e-11
 4397.751937984502  4.099600867113473e-11
 4398.236434108532  4.098242752104131e-11
 4398.720930232564  4.096903892525372e-11
 4399.205426356595  4.095575961704512e-11
 4399.689922480626  4.094266418952497e-11
 4400.174418604656  4.092969019264814e-11
 4400.658914728688   4.09168757903311e-11
 4401.143410852719  4.090424526870251e-11
  4401.62790697675  4.089177607635719e-11
  4402.11240310078  4.087943872299604e-11
 4402.596899224812 4.0867273107259017e-11
 4403.081395348843  4.085527922914611e-11
 4403.565891472874  4.084343974142257e-11
 4404.050387596904 4.0831770256599675e-11
 4404.534883720936  4.082028291774176e-11
 4405.019379844967  4.080896211233753e-11
 4405.503875968998 4.0797802636216574e-11
 4405.988372093028  4.078681663244321e-11
  4406.47286821706  4.077602491769916e-11
 4406.957364341091 4.0765359837768855e-11
 4407.441860465122  4.075490465937914e-11
 4407.926356589152   4.07446177491666e-11
 4408.410852713184  4.073448522934342e-11
 4408.895348837215  4.072455220271998e-11
 4409.379844961246  4.071484815959536e-11
4409.8643410852765  4.070525687349669e-11
 4410.348837209308  4.069588069310903e-11
 4410.833333333339  4.068668492396288e-11
  4411.31782945737 4.0677662627164324e-11
4411.8023255814005 4.0668845027735934e-11
 4412.286821705432  4.066022171733685e-11
 4412.771317829463  4.065176320566799e-11
 4413.255813953494  4.064351459553972e-11
 4413.740310077525 4.0635427314694716e-11
 4414.224806201556  4.062756207845464e-11
4414.7093023255875 4.0619910213202104e-11
 4415.193798449618 4.0612416207785884e-11
 4415.678294573649 4.0605116491398974e-11
  4416.16279069768  4.059802494182918e-11
4416.6472868217115  4.059115196741736e-11
 4417.131782945742 4.0584422975054046e-11
 4417.616279069773  4.057792296618956e-11
 4418.100775193804 4.0571639797759573e-11
 4418.585271317836  4.056554918363542e-11
 4419.069767441866  4.055964938909362e-11
 4419.554263565897  4.055391612800552e-11
 4420.038759689928  4.054843440182143e-11
  4420.52325581396  4.054315737300751e-11
  4421.00775193799  4.053806422488204e-11
 4421.492248062021  4.053319659080845e-11
 4421.976744186052  4.052855273606326e-11
 4422.461240310084 4.0524075414771765e-11
 4422.945736434114  4.051982534225562e-11
 4423.430232558145 4.0515766089321836e-11
 4423.914728682176 4.0511925411546024e-11
 4424.399224806208  4.050831024782209e-11
 4424.883720930238  4.050488937312746e-11
 4425.368217054269   4.05016662569091e-11
   4425.8527131783  4.049866865474261e-11
 4426.337209302332 4.0495875749946286e-11
 4426.821705426362 4.0493315298095744e-11
 4427.306201550393 4.0490921379698896e-11
 4427.790697674424 4.0488766853141733e-11
 4428.275193798456  4.048683957535992e-11
 4428.759689922486   4.04851152602248e-11
 4429.244186046517  4.048363380637632e-11
 4429.728682170548  4.048227378317115e-11
  4430.21317829458    4.0481201724063e-11
  4430.69767441861 4.0480336097048486e-11
 4431.182170542641 4.0479659554892855e-11
 4431.666666666672  4.047922934347081e-11
 4432.151162790704 4.0478974339119844e-11
 4432.635658914734  4.047898821690765e-11
 4433.120155038765  4.047917556704306e-11
4433.6046511627965 4.0479572818719056e-11
 4434.089147286828 4.0480211196958216e-11
4434.5736434108585  4.048101610865107e-11
 4435.058139534889  4.048214194418698e-11
4435.5426356589205  4.048337012840797e-11
 4436.027131782952  4.048484464336255e-11
4436.5116279069825  4.048651344734644e-11
 4436.996124031013  4.048845460291606e-11
 4437.480620155045  4.049058310862108e-11
 4437.965116279076 4.0492900699184986e-11
 4438.449612403107   4.04954125787782e-11
 4438.934108527137 4.0498165584934576e-11
 4439.418604651169   4.05011389009724e-11
   4439.9031007752 4.0504353343573385e-11
 4440.387596899231 4.0507720441840256e-11
 4440.872093023261  4.051135468752243e-11
 4441.356589147293 4.0515124241635725e-11
 4441.841085271324  4.051913145286523e-11
 4442.325581395355  4.052336591287009e-11
 4442.810077519385  4.052778945773383e-11
 4443.294573643417  4.053242463886164e-11
 4443.779069767448  4.053727666042395e-11
 4444.263565891479  4.054232817518599e-11
 4444.748062015509 4.0547626020681626e-11
 4445.232558139541  4.055306611350229e-11
 4445.717054263572 4.0558738659268734e-11
 4446.201550387603  4.056458641210625e-11
 4446.686046511633  4.057066141371912e-11
 4447.170542635665  4.057694805159606e-11
 4447.655038759696 4.0583415100714504e-11
 4448.139534883727 4.0590059091627495e-11
 4448.624031007757 4.0596914718804555e-11
 4449.108527131789 4.0603973308628305e-11
  4449.59302325582 4.0611264351397836e-11
 4450.077519379851   4.06187045803863e-11
 4450.562015503881  4.062633215951017e-11
 4451.046511627913 4.0634126272087734e-11
 4451.531007751944 4.0642149368164127e-11
 4452.015503875975  4.065036328382288e-11
4452.5000000000055  4.065873852876489e-11
 4452.984496124037 4.0667356634993546e-11
 4453.468992248068  4.067610311075942e-11
 4453.953488372099  4.068505081444851e-11
4454.4379844961295  4.069416678631477e-11
 4454.922480620161 4.0703485720827715e-11
 4455.406976744192 4.0712953841559596e-11
 4455.891472868223  4.072261451659731e-11
 4456.375968992254 4.0732469480664335e-11
 4456.860465116285  4.074247016150334e-11
4457.3449612403165   4.07526477841369e-11
 4457.829457364347    4.0763002348565e-11
 4458.313953488378 4.0773513038105946e-11
 4458.798449612409  4.078417811803625e-11
4459.2829457364405 4.0795016670314155e-11
 4459.767441860471 4.0806020021322276e-11
 4460.251937984502  4.081720725301885e-11
 4460.736434108533  4.082850030284746e-11
 4461.220930232565  4.083999111115233e-11
 4461.705426356595 4.0851591207036186e-11
 4462.189922480626  4.086340814335454e-11
 4462.674418604657  4.087533957142231e-11
 4463.158914728689  4.088739416485687e-11
 4463.643410852719  4.089960661812775e-11
  4464.12790697675 4.0911952645106275e-11
 4464.612403100781  4.092447734860283e-11
 4465.096899224813 4.0937142564700935e-11
 4465.581395348843 4.0949878904461556e-11
 4466.065891472874 4.0962788716569776e-11
 4466.550387596905 4.0975849449620405e-11
 4467.034883720937  4.098901600080307e-11
 4467.519379844967  4.100225367564825e-11
 4468.003875968998  4.101571512982183e-11
 4468.488372093029  4.102922342152926e-11
 4468.972868217061  4.104286528694434e-11
 4469.457364341091 4.1056618174661885e-11
 4469.941860465122   4.10704959624697e-11
 4470.426356589153 4.1084502119814736e-11
 4470.910852713185   4.10985568494171e-11
 4471.395348837215 4.1112765969408827e-11
 4471.879844961246 4.1127016722763976e-11
 4472.364341085277 4.1141453091531055e-11
 4472.848837209309  4.115588599085118e-11
 4473.333333333339  4.117045766804939e-11
  4473.81782945737 4.1185123020315295e-11
 4474.302325581401 4.1199887251819334e-11
 4474.786821705433  4.121468791251637e-11
 4475.271317829463  4.122960653440977e-11
 4475.755813953494   4.12445806674544e-11
4476.2403100775255  4.125964327139631e-11
 4476.724806201557  4.127472322257297e-11
4477.2093023255875 4.1289921134946006e-11
 4477.693798449618  4.130515200706508e-11
4478.1782945736495   4.13204522681232e-11
 4478.662790697681 4.1335834061184684e-11
4479.1472868217115  4.135125922233307e-11
 4479.631782945742  4.136671213905707e-11
 4480.116279069774 4.1382215362761876e-11
 4480.600775193805  4.139779317957615e-11
 4481.085271317836  4.141335017970871e-11
 4481.569767441866 4.1428985242397687e-11
 4482.054263565898  4.144466020372661e-11
 4482.538759689929 4.1460307409479924e-11
  4483.02325581396  4.147599624859666e-11
  4483.50775193799 4.1491723251629864e-11
 4483.992248062022  4.150751617415516e-11
 4484.476744186053  4.152324838135879e-11
 4484.961240310084 4.1539018752478896e-11
 4485.445736434114 4.1554787388875525e-11
 4485.930232558146   4.15705889850182e-11
 4486.414728682177 4.1586354151967875e-11
 4486.899224806208  4.160215401338707e-11
 4487.383720930238  4.161789142476113e-11
  4487.86821705427  4.163365138754038e-11
 4488.352713178301  4.164935930861535e-11
 4488.837209302332  4.166508110747813e-11
 4489.321705426362  4.168075780353053e-11
 4489.806201550394 4.1696413682901223e-11
 4490.290697674425 4.1712008846950255e-11
 4490.775193798456 4.1727621358234046e-11
 4491.259689922486 4.1743161011131846e-11
 4491.744186046518 4.1758697194582695e-11
 4492.228682170549  4.177409980432589e-11
  4492.71317829458  4.178949547517519e-11
  4493.19767441861   4.18048755335132e-11
 4493.682170542642   4.18201480389957e-11
 4494.166666666673 4.1835378911114773e-11
 4494.651162790704   4.18505195776131e-11
 4495.135658914734  4.186558912044891e-11
 4495.620155038766 4.1880596213239585e-11
 4496.104651162797  4.189553391709122e-11
 4496.589147286828 4.1910377945875155e-11
4497.0736434108585 4.1925124830144433e-11
  4497.55813953489 4.1939779774069486e-11
 4498.042635658921  4.195429940956341e-11
 4498.527131782952  4.196876700335306e-11
4499.0116279069825  4.198316000403324e-11
 4499.496124031014 4.1997415961558815e-11
4499.9806201550455  4.201152967175936e-11
 4500.465116279076  4.202557399302087e-11
 4500.949612403107 4.2039434433593925e-11
 4501.434108527138  4.205324630190965e-11
4501.9186046511695 4.2066848268684787e-11
   4502.4031007752  4.208039819375564e-11
 4502.887596899231  4.209374342145633e-11
 4503.372093023262  4.210696895323718e-11
 4503.856589147294  4.212005570713995e-11
 4504.341085271324  4.213301235678202e-11
 4504.825581395355   4.21458094118643e-11
 4505.310077519386  4.215840870847032e-11
 4505.794573643418 4.2170879635539116e-11
 4506.279069767448  4.218319617221855e-11
 4506.763565891479  4.219533923655039e-11
  4507.24806201551  4.220729495074682e-11
 4507.732558139542 4.2219132703746887e-11
 4508.217054263572  4.223069463571427e-11
 4508.701550387603 4.2242124728697483e-11
 4509.186046511634  4.225339175767395e-11
 4509.670542635666 4.2264389904511646e-11
 4510.155038759696  4.227530131517554e-11
 4510.639534883727 4.2285919557571994e-11
 4511.124031007758  4.229641636932513e-11
  4511.60852713179  4.230665297255687e-11
  4512.09302325582  4.231668140897149e-11
 4512.577519379851 4.2326510352186375e-11
 4513.062015503882  4.233609643411462e-11
 4513.546511627914  4.234550557424832e-11
 4514.031007751944 4.2354704812841426e-11
 4514.515503875975 4.2363673333212226e-11
 4515.000000000006  4.237236429782687e-11
 4515.484496124038 4.2380881790093916e-11
 4515.968992248068 4.2389147747456946e-11
 4516.453488372099 4.2397189925491574e-11
  4516.93798449613    4.2404958017217e-11
 4517.422480620162  4.241251273795488e-11
 4517.906976744192 4.2419727452891465e-11
 4518.391472868223  4.242681032884388e-11
4518.8759689922545  4.243357921984714e-11
 4519.360465116286 4.2440091371775956e-11
4519.8449612403165 4.2446348519353805e-11
 4520.329457364347  4.245239923483801e-11
4520.8139534883785 4.2458170659842587e-11
  4521.29844961241   4.24636575901971e-11
4521.7829457364405  4.246887043424241e-11
 4522.267441860471 4.2473814396148946e-11
 4522.751937984503  4.247850508842799e-11
 4523.236434108534 4.2482977205549055e-11
 4523.720930232565 4.2487046866823697e-11
 4524.205426356595 4.2490932647409885e-11
 4524.689922480627 4.2494481891641733e-11
 4525.174418604658 4.2497817764886037e-11
 4525.658914728689 4.2500853530968996e-11
 4526.143410852719 4.2503575312102804e-11
 4526.627906976751  4.250602647637436e-11
 4527.112403100782  4.250819141127238e-11
 4527.596899224813  4.251007011679686e-11
 4528.081395348843  4.251170596103471e-11
 4528.565891472875 4.2512974043895646e-11
 4529.050387596906  4.251399059185257e-11
 4529.534883720937  4.251472784932986e-11
 4530.019379844967 4.2515185816327516e-11
 4530.503875968999  4.251531418586474e-11
  4530.98837209303  4.251518928577447e-11
 4531.472868217061  4.251476601324633e-11
 4531.957364341091 4.2514039164109896e-11
 4532.441860465123  4.251303996338773e-11
 4532.926356589154 4.2511771880526794e-11
 4533.410852713185  4.251016899603499e-11
 4533.895348837215 4.2508330189150456e-11
 4534.379844961247  4.250612188616554e-11
 4534.864341085278  4.250368806912874e-11
 4535.348837209309  4.250095241020713e-11
 4535.833333333339  4.249796174693454e-11
 4536.317829457371  4.249463801675457e-11
 4536.802325581402 4.2491095711416627e-11
 4537.286821705433 4.2487202991936535e-11
 4537.771317829463  4.248309516674542e-11
 4538.255813953495 4.2478669887158205e-11
 4538.740310077526 4.2473991337943495e-11
 4539.224806201557 4.2469028294078726e-11
4539.7093023255875 4.2463824123650795e-11
 4540.193798449619  4.245832505023195e-11
  4540.67829457365 4.2452591789143845e-11
 4541.162790697681  4.244657923757611e-11
4541.6472868217115 4.2440381070596445e-11
 4542.131782945743 4.2433879327008484e-11
4542.6162790697745  4.242715033464517e-11
 4543.100775193805 4.2420162868483935e-11
 4543.585271317836  4.241292039797173e-11
 4544.069767441867  4.240548710787717e-11
4544.5542635658985  4.239782136483683e-11
 4545.038759689929  4.238998214944889e-11
  4545.52325581396 4.2381818540770944e-11
 4546.007751937991   4.23734883986393e-11
 4546.492248062023 4.2364993457777445e-11
 4546.976744186053 4.2356214022265526e-11
 4547.461240310084  4.234734785057981e-11
 4547.945736434115  4.233822320509617e-11
 4548.430232558147  4.232897365952226e-11
 4548.914728682177  4.231953502908947e-11
 4549.399224806208  4.230989864018042e-11
 4549.883720930239  4.230017898454452e-11
 4550.368217054271 4.2290291060731455e-11
 4550.852713178301   4.22802071131656e-11
 4551.337209302332    4.2270032959979e-11
 4551.821705426363 4.2259746049766456e-11
 4552.306201550395  4.224937066865664e-11
 4552.790697674425 4.2238830488816603e-11
 4553.275193798456  4.222827122701833e-11
 4553.759689922487 4.2217602677641075e-11
 4554.244186046519  4.220684739209002e-11
 4554.728682170549  4.219607128985725e-11
  4555.21317829458 4.2185217125068064e-11
 4555.697674418611  4.217434908249107e-11
 4556.182170542643 4.2163437671827175e-11
 4556.666666666673  4.215252279171633e-11
 4557.151162790704 4.2141628728287195e-11
 4557.635658914735  4.213072252179373e-11
 4558.120155038767 4.2119892643133205e-11
 4558.604651162797 4.2109061029749206e-11
 4559.089147286828 4.2098281458069486e-11
 4559.573643410859  4.208764760316175e-11
 4560.058139534891  4.207705191217048e-11
 4560.542635658921  4.206656203931125e-11
 4561.027131782952  4.205619533181881e-11
 4561.511627906983 4.2045950054969694e-11
 4561.996124031015 4.2035916414384644e-11
4562.4806201550455 4.2026002469719437e-11
 4562.965116279076  4.201624638489054e-11
4563.4496124031075   4.20067973461169e-11
 4563.934108527139 4.1997485350497854e-11
4564.4186046511695  4.198847172731668e-11
   4564.9031007752  4.197971310848647e-11
4565.3875968992315  4.197120602456028e-11
 4565.872093023263  4.196307017145795e-11
 4566.356589147294 4.1955156362960544e-11
 4566.841085271324   4.19477074603547e-11
 4567.325581395356 4.1940539582951963e-11
 4567.810077519387 4.1933786304459986e-11
 4568.294573643418 4.1927418134579675e-11
 4568.779069767448  4.192160854565863e-11
  4569.26356589148  4.191613202364497e-11
 4569.748062015511  4.191120714369667e-11
 4570.232558139542 4.1906799211344214e-11
 4570.717054263572  4.190293424743974e-11
 4571.201550387604   4.18996226603241e-11
 4571.686046511635  4.189688873612596e-11
 4572.170542635666  4.189477237348527e-11
 4572.655038759696  4.189332734882978e-11
 4573.139534883728  4.189259356079944e-11
 4573.624031007759  4.189248253849698e-11
  4574.10852713179 4.1893195509845604e-11
  4574.59302325582 4.1894565941391626e-11
 4575.077519379852 4.1896847102762536e-11
 4575.562015503883  4.189990195080373e-11
 4576.046511627914  4.190381201751858e-11
 4576.531007751944   4.19086779168687e-11
 4577.015503875976 4.1914371279316853e-11
 4577.500000000007 4.1921160987001826e-11
 4577.984496124038 4.1928840607829976e-11
 4578.468992248068 4.1937623512788846e-11
   4578.9534883721  4.194744378238635e-11
 4579.437984496131 4.1958337845815485e-11
 4579.922480620162  4.197043407261347e-11
 4580.406976744192  4.198369429886384e-11
 4580.891472868224 4.1998161892653485e-11
 4581.375968992255  4.201401032633001e-11
 4581.860465116286  4.203101235111806e-11
4582.3449612403165 4.2049447257497263e-11
 4582.829457364348   4.20692231051234e-11
 4583.313953488379   4.20904890802154e-11
  4583.79844961241  4.211316538549337e-11
4584.2829457364405  4.213738906411191e-11
 4584.767441860472 4.2163187871646635e-11
4585.2519379845035  4.219057395116188e-11
 4585.736434108534   4.22196947541531e-11
 4586.220930232565 4.2250484361128215e-11
 4586.705426356596 4.2283038181878396e-11
4587.1899224806275 4.2317390910873165e-11
 4587.674418604658 4.2353558160623805e-11
 4588.158914728689  4.239171860764834e-11
  4588.64341085272 4.2431787250496455e-11
 4589.127906976752  4.247393409206879e-11
 4589.612403100782 4.2518084539255874e-11
 4590.096899224813 4.2564366961594935e-11
 4590.581395348844  4.261289411611191e-11
 4591.065891472876 4.2663594879144284e-11
 4591.550387596906  4.271665313138051e-11
 4592.034883720937  4.277200121860503e-11
 4592.519379844968 4.2829802204824574e-11
    4593.003875969  4.289006129420958e-11
  4593.48837209303  4.295291379519117e-11
 4593.972868217061  4.301830766606507e-11
 4594.457364341092 4.3086397297220635e-11
 4594.941860465124 4.3157210444233485e-11
 4595.426356589154  4.323080955714875e-11
 4595.910852713185  4.330727963741676e-11
 4596.395348837216 4.3386705686487836e-11
 4596.879844961248 4.3469160562747966e-11
 4597.364341085278  4.355464426619715e-11
 4597.848837209309  4.364329210526652e-11
  4598.33333333334  4.373519255085334e-11
 4598.817829457372   4.38303039695942e-11
 4599.302325581402 4.3928803303283637e-11
 4599.786821705433  4.403080504367107e-11
 4600.271317829464  4.413628490462784e-11
 4600.755813953496 4.4245376459861596e-11
 4601.240310077526  4.435816644554613e-11
 4601.724806201557 4.4474708638109206e-11
 4602.209302325588  4.459507069176638e-11
  4602.69379844962   4.47193792413314e-11
  4603.17829457365  4.484771581880764e-11
 4603.662790697681 4.4980078689471625e-11
 4604.147286821712 4.5116689897928275e-11
 4604.631782945744  4.525761189422273e-11
4605.1162790697745 4.5402881107547977e-11
 4605.600775193805  4.555252182403269e-11
4606.0852713178365  4.570681333415649e-11
 4606.569767441868 4.5865750433748964e-11
4607.0542635658985 4.6029374756173524e-11
 4607.538759689929 4.6197802527903065e-11
4608.0232558139605  4.637128701856508e-11
 4608.507751937992  4.654968598083453e-11
 4608.992248062023  4.673327003157368e-11
 4609.476744186053  4.692208080414595e-11
 4609.961240310085  4.711628483200503e-11
 4610.445736434116  4.731591680962044e-11
 4610.930232558147   4.75210478606547e-11
 4611.414728682177  4.773193298945877e-11
 4611.899224806209 4.7948513215434474e-11
  4612.38372093024  4.817100364429283e-11
 4612.868217054271  4.839952570667716e-11
 4613.352713178301  4.863412624012131e-11
 4613.837209302333  4.887499432948417e-11
 4614.321705426364  4.912215426089439e-11
 4614.806201550395 4.9375885324831614e-11
 4615.290697674425 4.9636119867080275e-11
 4615.775193798457  4.990305738084011e-11
 4616.259689922488  5.017691297182214e-11
 4616.744186046519  5.045770225253765e-11
 4617.228682170549  5.074559002171686e-11
 4617.713178294581 5.1040708118343936e-11
 4618.197674418612  5.134314848276311e-11
 4618.682170542643  5.165310366928022e-11
 4619.166666666673  5.197070378215596e-11
 4619.651162790705  5.229601127143546e-11
 4620.135658914736  5.262929328453403e-11
 4620.620155038767  5.297056022979252e-11
 4621.104651162797  5.332009313241404e-11
 4621.589147286829  5.367780699094826e-11
  4622.07364341086   5.40441563029459e-11
 4622.558139534891  5.441907167946791e-11
 4623.042635658921  5.480271965396799e-11
 4623.527131782953 5.5195398598884005e-11
 4624.011627906984 5.5597051268341247e-11
 4624.496124031015 5.6008010729247104e-11
4624.9806201550455 5.6428381065010136e-11
 4625.465116279077  5.685823686873981e-11
 4625.949612403108 5.7297926819854794e-11
 4626.434108527139 5.7747515103123703e-11
4626.9186046511695  5.820701386161087e-11
 4627.403100775201  5.867680299975753e-11
 4627.887596899232  5.915703864267652e-11
 4628.372093023263  5.964775028066693e-11
 4628.856589147294  6.014929353204135e-11
 4629.341085271325  6.066170482599276e-11
4629.8255813953565   6.11852270238078e-11
 4630.310077519387   6.17200388020045e-11
 4630.794573643418  6.226639516493382e-11
 4631.279069767449  6.282430999038358e-11
4631.7635658914805   6.33940695077273e-11
 4632.248062015511  6.397586800599431e-11
 4632.732558139542  6.456991885617214e-11
 4633.217054263573  6.517640420422577e-11
 4633.701550387605  6.579552180863146e-11
 4634.186046511635    6.6427504122335e-11
 4634.670542635666  6.707238930925286e-11
 4635.155038759697  6.773062492804183e-11
 4635.639534883729  6.826154202073789e-11
 4636.124031007759  6.886849500818661e-11
  4636.60852713179  6.947544799563451e-11
 4637.093023255821  7.008240098308407e-11
 4637.577519379853  7.068935397053362e-11
 4638.062015503883  7.129630695798235e-11
 4638.546511627914  7.190325994543025e-11
 4639.031007751945   7.25102129328798e-11
 4639.515503875977  7.311716592032936e-11
 4640.000000000007  7.372411890777808e-11
