              wave               response
------------------ ----------------------
            4655.0  5.187192202614915e-11
 4656.116763565891 5.1609830675157904e-11
4657.2335271317825  5.134773932416645e-11
 4658.350290697674   5.10856479731752e-11
 4659.467054263565 5.0823556622183747e-11
 4660.583817829456   5.05614652711925e-11
 4661.700581395347 5.0299373920201044e-11
 4662.817344961239 5.0037282569209796e-11
  4663.93410852713  4.977519121821834e-11
 4665.050872093021 4.9513099867226886e-11
 4666.167635658912  4.981137585108688e-11
 4667.284399224804  4.908933830346614e-11
 4668.401162790695 4.8511105587851845e-11
 4669.517926356586  4.791353285146422e-11
 4670.634689922477 4.7961014370966464e-11
4671.7514534883685  4.789125678078141e-11
  4672.86821705426  4.771745609150982e-11
 4673.984980620151  4.749285040961424e-11
 4675.101744186042  4.726022772867362e-11
 4676.218507751933  4.706781639233258e-11
 4677.335271317825 4.6906029411790676e-11
 4678.452034883716 4.6776156121766146e-11
 4679.568798449607  4.663519290519966e-11
 4680.685562015498 4.6521014139746266e-11
  4681.80232558139  4.640180947177788e-11
 4682.919089147281 4.6289126725763845e-11
 4684.035852713172  4.620385685544856e-11
 4685.152616279063  4.608861658984172e-11
4686.2693798449545 4.5965433501096255e-11
 4687.386143410846  4.584656612246915e-11
 4688.502906976737  4.572769874384205e-11
 4689.619670542628  4.560883136521495e-11
4690.7364341085195 4.5489963986587856e-11
 4691.853197674411 4.5371096607960735e-11
 4692.969961240302  4.525222922933365e-11
 4694.086724806193  4.513336185070654e-11
 4695.203488372084 4.5014494472079463e-11
 4696.320251937976  4.489562709345234e-11
 4697.437015503867  4.477675971482525e-11
 4698.553779069758  4.465789233619814e-11
 4699.670542635649  4.453902495757104e-11
 4700.787306201541 4.4415908652821625e-11
 4701.904069767432 4.4296830786794033e-11
 4703.020833333323 4.4173115076736805e-11
 4704.137596899214  4.404384131763986e-11
4705.2543604651055  4.393093091749704e-11
 4706.371124030997 4.3796233797443873e-11
 4707.487887596888  4.368343451790675e-11
 4708.604651162779  4.357284002025239e-11
  4709.72141472867 4.3464450304480797e-11
 4710.838178294562  4.334256088816154e-11
 4711.954941860453 4.3240804891700664e-11
 4713.071705426344 4.3141502784169147e-11
 4714.188468992235 4.3045930000894705e-11
 4715.305232558127 4.2954086541877344e-11
 4716.421996124018 4.2865972407117066e-11
 4717.538759689909 4.2785836522736176e-11
   4718.6555232558 4.2705391523890546e-11
4719.7722868216915 4.2633313693331634e-11
 4720.889050387583 4.2570523236069514e-11
 4722.005813953474  4.249509874411035e-11
 4723.122577519365  4.244519029631862e-11
4724.2393410852565  4.237711333226792e-11
 4725.356104651148 4.2310560910591535e-11
 4726.472868217039 4.2245533031289453e-11
  4727.58963178293  4.219773417679213e-11
 4728.706395348821   4.21335312266935e-11
 4729.823158914713 4.2070603711922587e-11
 4730.939922480604  4.200767619715167e-11
 4732.056686046495  4.194474868238076e-11
 4733.173449612386  4.188182116760985e-11
 4734.290213178278  4.181889365283894e-11
 4735.406976744169  4.175596613806804e-11
  4736.52374031006  4.169303862329713e-11
 4737.640503875951  4.163011110852622e-11
4738.7572674418425  4.157039361352259e-11
 4739.874031007734 4.1512137488817575e-11
 4740.990794573625  4.144115524923622e-11
 4742.107558139516  4.137558557082712e-11
 4743.224321705407  4.131160298943084e-11
 4744.341085271299  4.124741507823328e-11
  4745.45784883719  4.118302183723443e-11
 4746.574612403081 4.1118423266434284e-11
 4747.691375968972  4.105170876576805e-11
 4748.808139534864 4.0983454205470934e-11
 4749.924903100755 4.0919491890475707e-11
 4751.041666666646  4.085804328747363e-11
 4752.158430232537  4.079135576039055e-11
4753.2751937984285  4.072015687503066e-11
  4754.39195736432  4.065787682378763e-11
 4755.508720930211  4.059312275293036e-11
 4756.625484496102   4.05276433119275e-11
 4757.742248061993 4.0473844331355563e-11
 4758.859011627885   4.04176330998697e-11
 4759.975775193776  4.036105342703087e-11
 4761.092538759667   4.03058977396532e-11
 4762.209302325558  4.025216603773669e-11
  4763.32606589145  4.019985832128134e-11
 4764.442829457341  4.015088519035197e-11
 4765.559593023232  4.009858940519302e-11
 4766.676356589123  4.005286015265806e-11
 4767.793120155015  3.998729575907792e-11
 4768.909883720906  3.994483346759229e-11
 4770.026647286797 3.9908762414810867e-11
 4771.143410852688  3.986565240833994e-11
4772.2601744185795  3.982799056578792e-11
 4773.376937984471  3.978510362548575e-11
 4774.493701550362  3.974748710512913e-11
 4775.610465116253 3.9708950091879616e-11
 4776.727228682144   3.96712742403357e-11
 4777.843992248036  3.963445955049735e-11
 4778.960755813927  3.959850602236458e-11
 4780.077519379818  3.956341365593739e-11
 4781.194282945709 3.9530035678446726e-11
 4782.311046511601 3.9508292922151685e-11
 4783.427810077492 3.9470482844400724e-11
 4784.544573643383 3.9450657853177505e-11
 4785.661337209274 3.9413633341416445e-11
4786.7781007751655   3.93753926067037e-11
 4787.894864341057 3.9335935649039276e-11
 4789.011627906948  3.929095818477861e-11
 4790.128391472839  3.925113347559075e-11
  4791.24515503873  3.920774765837846e-11
 4792.361918604622 3.9162945681276406e-11
 4793.478682170513   3.91167275442846e-11
 4794.595445736404 3.9069093247403027e-11
 4795.712209302295 3.9020042790631705e-11
 4796.828972868187 3.8969576173970626e-11
 4797.945736434078  3.891684017018884e-11
 4799.062499999969 3.8857995316547566e-11
  4800.17926356586    3.8805022663912e-11
4801.2960271317515  3.875205001127645e-11
 4802.412790697643 3.8699077358640895e-11
 4803.529554263534  3.864610470600534e-11
 4804.646317829425 3.8593132053369775e-11
4805.7630813953165 3.8540159400734225e-11
 4806.879844961208  3.848718674809866e-11
 4807.996608527099  3.843421409546311e-11
  4809.11337209299 3.8381241442827554e-11
 4810.230135658881    3.8328268790192e-11
 4811.346899224773  3.827529613755644e-11
 4812.463662790664 3.8222323484920884e-11
 4813.580426356555  3.816935083228533e-11
 4814.697189922446  3.811637817964977e-11
 4815.813953488338 3.8063405527014213e-11
 4816.930717054229  3.801043287437866e-11
  4818.04748062012 3.7957460221743106e-11
 4819.164244186011  3.790448756910754e-11
4820.2810077519025 3.7851514916471986e-11
 4821.397771317794  3.779854226383642e-11
 4822.514534883685  3.774556961120088e-11
 4823.631298449576 3.7692596958565316e-11
 4824.748062015467 3.7639624305929765e-11
 4825.864825581359  3.758665165329421e-11
  4826.98158914725 3.7533852576161843e-11
 4828.098352713141 3.7480099914240585e-11
 4829.215116279032  3.741496417503926e-11
 4830.331879844924 3.7358799313328325e-11
 4831.448643410815 3.7299440469639105e-11
 4832.565406976706  3.724275151669413e-11
 4833.682170542597  3.718943582006048e-11
4834.7989341084885  3.713155772058425e-11
  4835.91569767438  3.706927288873781e-11
 4837.032461240271 3.7023289710822425e-11
 4838.149224806162 3.6966046551371934e-11
4839.2659883720535  3.692953728364033e-11
 4840.382751937945  3.690057641758216e-11
 4841.499515503836  3.686782345782718e-11
 4842.616279069727  3.684481743968718e-11
 4843.733042635618 3.6823524821280605e-11
  4844.84980620151  3.680507276289955e-11
 4845.966569767401  3.679989075703521e-11
 4847.083333333292  3.678762484891711e-11
 4848.200096899183  3.678043989801392e-11
 4849.316860465075 3.6772472031603106e-11
 4850.433624030966  3.676301788411761e-11
 4851.550387596857  3.676001311471132e-11
 4852.667151162748 3.6763302052911865e-11
4853.7839147286395  3.675217631241799e-11
 4854.900678294531  3.675419752869586e-11
 4856.017441860422  3.673737182849146e-11
 4857.134205426313  3.671488470185027e-11
 4858.250968992204 3.6698076644142495e-11
 4859.367732558096   3.66734086200564e-11
 4860.484496123987 3.6648740595970306e-11
 4861.601259689878  3.662407257188419e-11
 4862.718023255769  3.659940454779809e-11
 4863.834786821661  3.657473652371199e-11
 4864.951550387552  3.655006849962589e-11
 4866.068313953443  3.651212780827025e-11
 4867.185077519334 3.6471750897274935e-11
4868.3018410852255 3.6443227192035525e-11
 4869.418604651117 3.6392624992574664e-11
 4870.535368217008  3.636526214135823e-11
 4871.652131782899  3.632081572374446e-11
4872.7688953487905  3.627225882247008e-11
 4873.885658914682 3.6232330357991906e-11
 4875.002422480573  3.619532146930506e-11
 4876.119186046464  3.616410575730194e-11
 4877.235949612355  3.614833120145201e-11
 4878.352713178247  3.613126804323881e-11
 4879.469476744138   3.61177563434455e-11
 4880.586240310029  3.610779610207206e-11
  4881.70300387592 3.6101387319118515e-11
 4882.819767441812  3.611180266185439e-11
 4883.936531007703 3.6128205682649826e-11
 4885.053294573594  3.613630695610926e-11
 4886.170058139485  3.617140331248643e-11
4887.2868217053765  3.618136275170275e-11
 4888.403585271268   3.62078733186764e-11
 4889.520348837159 3.6237961930670634e-11
  4890.63711240305 3.6258889667228676e-11
 4891.753875968941  3.627636538935539e-11
 4892.870639534833  3.628751549615836e-11
 4893.987403100724 3.6282692008168124e-11
 4895.104166666615  3.627862468390117e-11
 4896.220930232506 3.6270473462574303e-11
 4897.337693798398  3.625823834418757e-11
 4898.454457364289  3.624191932874092e-11
  4899.57122093018  3.622151641623439e-11
 4900.687984496071 3.6197029606667973e-11
4901.8047480619625  3.616845890004165e-11
 4902.921511627854  3.613443916607902e-11
 4904.038275193745  3.610178456239281e-11
 4905.155038759636   3.60691299587066e-11
4906.2718023255275  3.603647535502039e-11
 4907.388565891419 3.6003820751334186e-11
  4908.50532945731  3.597116614764797e-11
 4909.622093023201 3.5938511543961765e-11
 4910.738856589092 3.5905856940275564e-11
 4911.855620154984 3.5873202336589344e-11
 4912.972383720875 3.5840547732903137e-11
 4914.089147286766  3.580789312921692e-11
 4915.205910852657 3.5775238525530716e-11
 4916.322674418549 3.5742583921844515e-11
  4917.43943798444   3.57099293181583e-11
 4918.556201550331  3.567727471447209e-11
 4919.672965116222  3.564462011078588e-11
4920.7897286821135  3.561196550709967e-11
 4921.906492248005  3.557931090341346e-11
 4923.023255813896  3.554665629972726e-11
 4924.140019379787 3.5514001696041044e-11
 4925.256782945678  3.548134709235484e-11
  4926.37354651157  3.544869248866863e-11
 4927.490310077461 3.5416037884982416e-11
 4928.607073643352  3.538338328129621e-11
 4929.723837209243 3.5350728677609995e-11
 4930.840600775135  3.531807407392379e-11
 4931.957364341026  3.528541947023758e-11
 4933.074127906917  3.525276486655137e-11
 4934.190891472808  3.522011026286516e-11
4935.3076550386995 3.5190701534551255e-11
 4936.424418604591  3.515574313880519e-11
 4937.541182170482 3.5114759993586284e-11
 4938.657945736373  3.507856270061494e-11
4939.7747093022645    3.5031342969571e-11
 4940.891472868156  3.498061827676307e-11
 4942.008236434047  3.493978500349575e-11
 4943.124999999938  3.488792085273586e-11
 4944.241763565829  3.484492616947117e-11
 4945.358527131721  3.480143193586702e-11
 4946.475290697612  3.475743815192339e-11
 4947.592054263503  3.471294481764032e-11
 4948.708817829394 3.4667951933017766e-11
 4949.825581395286 3.4622459498055764e-11
 4950.942344961177 3.4576467512754296e-11
 4952.059108527068  3.452673010174105e-11
 4953.175872092959   3.44731662067243e-11
4954.2926356588505 3.4436366377382345e-11
 4955.409399224742 3.4380310574206344e-11
 4956.526162790633 3.4346983536673934e-11
 4957.642926356524  3.431721801131113e-11
 4958.759689922415  3.427761761681336e-11
 4959.876453488307 3.4249104650213784e-11
 4960.993217054198  3.421177876652464e-11
 4962.109980620089  3.416659018772935e-11
  4963.22674418598  3.413386989534328e-11
 4964.343507751872 3.4101481861344367e-11
 4965.460271317763   3.40701097760933e-11
 4966.577034883654  3.404185436191698e-11
 4967.693798449545 3.3999013751015493e-11
4968.8105620154365 3.3967440050558936e-11
 4969.927325581328  3.394546322315084e-11
 4971.044089147219 3.3912967801153565e-11
  4972.16085271311 3.3895163222355564e-11
 4973.277616279001  3.386587303759938e-11
 4974.394379844893  3.383674702405036e-11
 4975.511143410784   3.38077851817085e-11
 4976.627906976675   3.37789875105738e-11
 4977.744670542566 3.3750354010646264e-11
 4978.861434108458 3.3730303477777114e-11
 4979.978197674349 3.3698504930451016e-11
  4981.09496124024 3.3667094396690006e-11
 4982.211724806131  3.363538818613341e-11
 4983.328488372023  3.360128557645433e-11
 4984.445251937914  3.358248843545266e-11
 4985.562015503805  3.355314465595833e-11
 4986.678779069696 3.3523800876463995e-11
4987.7955426355875  3.348697100032628e-11
 4988.912306201479  3.345163694123186e-11
  4990.02906976737  3.342131897767826e-11
 4991.145833333261  3.339036229169593e-11
 4992.262596899152 3.3358766883284855e-11
 4993.379360465044  3.332653275244505e-11
 4994.496124030935   3.32936598991765e-11
 4995.612887596826 3.3260148323479226e-11
 4996.729651162717 3.3225998025353216e-11
 4997.846414728609 3.3191209004798466e-11
   4998.9631782945  3.315578126181499e-11
 5000.079941860391 3.3115641364163837e-11
 5001.196705426282  3.307847821791419e-11
5002.3134689921735  3.304021839082712e-11
 5003.430232558065  3.300086188290262e-11
 5004.546996123956 3.2967894790784087e-11
 5005.663759689847  3.293233520078482e-11
 5006.780523255738  3.289066283440731e-11
  5007.89728682163  3.284853250962111e-11
 5009.014050387521  3.280594422642622e-11
 5010.130813953412  3.276289798482264e-11
 5011.247577519303  3.271939378481037e-11
 5012.364341085195 3.2677011217977185e-11
 5013.481104651086 3.2631808702062674e-11
 5014.597868216977 3.2581773899616174e-11
 5015.714631782868  3.254054901986392e-11
5016.8313953487595  3.249484035401594e-11
 5017.948158914651 3.2440432489238006e-11
 5019.064922480542  3.240012233982816e-11
 5020.181686046433 3.2355425137130584e-11
5021.2984496123245  3.231181312299455e-11
 5022.415213178216  3.226853420873465e-11
 5023.531976744107  3.222996626363556e-11
 5024.648740309998  3.219292298561736e-11
 5025.765503875889 3.2157404374680037e-11
 5026.882267441781   3.21234104308236e-11
 5027.999031007672  3.209094115404805e-11
 5029.115794573563   3.20584169527656e-11
 5030.232558139454  3.202977940923666e-11
 5031.349321705346 3.2007040860911925e-11
 5032.466085271237 3.1976559098565116e-11
 5033.582848837128  3.195570126322516e-11
 5034.699612403019  3.194099386165712e-11
5035.8163759689105  3.191236152716907e-11
 5036.933139534802  3.189576948132009e-11
 5038.049903100693 3.1870888500545003e-11
 5039.166666666584  3.185018338638283e-11
 5040.283430232475  3.182562716785462e-11
 5041.400193798367  3.180040614704028e-11
 5042.516957364258  3.177452032393983e-11
 5043.633720930149  3.174796969855324e-11
  5044.75048449604  3.172075427088054e-11
 5045.867248061932  3.169851416856234e-11
 5046.984011627823 3.1665094979433406e-11
 5048.100775193714  3.162732128991066e-11
 5049.217538759605 3.1598728524458056e-11
5050.3343023254965  3.156961256459906e-11
 5051.451065891388  3.153459171697862e-11
 5052.567829457279  3.150683861257154e-11
  5053.68459302317  3.147292564373945e-11
5054.8013565890615  3.144770979219827e-11
 5055.918120154953 3.1419478345094364e-11
 5057.034883720844  3.139628164304665e-11
 5058.151647286735 3.1369395423473044e-11
 5059.268410852626 3.1343220925298156e-11
 5060.385174418518 3.1317758148522004e-11
 5061.501937984409  3.129004960571999e-11
   5062.6187015503 3.1264616326357855e-11
 5063.735465116191  3.124427431253734e-11
 5064.852228682083  3.122748914583518e-11
 5065.968992247974  3.120396534681706e-11
 5067.085755813865  3.118006541537669e-11
 5068.202519379756  3.116180625413099e-11
5069.3192829456475 3.1137367116737965e-11
 5070.436046511539  3.111269515793269e-11
  5071.55281007743 3.1087790377715195e-11
 5072.669573643321  3.106265277608547e-11
 5073.786337209212   3.10328811141189e-11
 5074.903100775104  3.100719965439756e-11
 5076.019864340995  3.098120715799684e-11
 5077.136627906886 3.0956411013265016e-11
 5078.253391472777  3.092409688249451e-11
 5079.370155038669   3.08932382757098e-11
  5080.48691860456 3.0869937591909484e-11
 5081.603682170451 3.0840557007930935e-11
 5082.720445736342  3.081124395832695e-11
5083.8372093022335  3.078469870767886e-11
 5084.953972868125 3.0761073661265525e-11
 5086.070736434016  3.073819319575563e-11
 5087.187499999907 3.0716057311149174e-11
5088.3042635657985 3.0694666007446175e-11
  5089.42102713169  3.067401928464661e-11
 5090.537790697581  3.065411714275048e-11
 5091.654554263472 3.0634959581757794e-11
 5092.771317829363  3.061654660166855e-11
 5093.888081395255  3.059737081413447e-11
 5095.004844961146 3.0589104044287716e-11
 5096.121608527037  3.057261162499743e-11
 5097.238372092928  3.055512956732854e-11
  5098.35513565882 3.0545005526449995e-11
 5099.471899224711 3.0532852122779377e-11
 5100.588662790602  3.051931071031816e-11
 5101.705426356493 3.0503593674525624e-11
5102.8221899223845  3.048787663873309e-11
 5103.938953488276 3.0472159602940555e-11
 5105.055717054167  3.045644256714802e-11
 5106.172480620058  3.044072553135547e-11
 5107.289244185949  3.042246620722205e-11
 5108.406007751841  3.041032435729195e-11
 5109.522771317732  3.038142747576288e-11
 5110.639534883623 3.0365185055239244e-11
 5111.756298449514   3.03486598032679e-11
 5112.873062015406 3.0331851719848825e-11
 5113.989825581297  3.031476080498202e-11
 5115.106589147188   3.02973870586675e-11
 5116.223352713079  3.027973048090524e-11
5117.3401162789705 3.0261791071695266e-11
 5118.456879844862 3.0243568831037564e-11
 5119.573643410753  3.022506375893214e-11
 5120.690406976644 3.0206275855378986e-11
5121.8071705425355  3.018720512037811e-11
 5122.923934108427 3.0168107028122684e-11
 5124.040697674318 3.0156058723738344e-11
 5125.157461240209   3.01309942359912e-11
   5126.2742248061 3.0121384549870076e-11
 5127.390988371992  3.009782017277058e-11
 5128.507751937883  3.007323839714586e-11
 5129.624515503774 3.0047639222995934e-11
 5130.741279069665   3.00210226503208e-11
 5131.858042635557  2.999338867912045e-11
 5132.974806201448  2.996473730939488e-11
 5134.091569767339  2.993506854114411e-11
  5135.20833333323  2.990454428581434e-11
5136.3250968991215 2.9873937840587414e-11
 5137.441860465013 2.9837380727016224e-11
 5138.558624030904  2.979694003441946e-11
 5139.675387596795 2.9760893458384296e-11
 5140.792151162686  2.972104734633273e-11
 5141.908914728578 2.9686999237662195e-11
 5143.025678294469  2.965228109262044e-11
  5144.14244186036  2.960577317919834e-11
 5145.259205426251  2.957352165605068e-11
 5146.375968992143 2.9531703994277334e-11
 5147.492732558034  2.948587620875109e-11
 5148.609496123925  2.944787231928713e-11
 5149.726259689816  2.940208675101366e-11
5150.8430232557075  2.937240163079736e-11
 5151.959786821599   2.93439471186426e-11
  5153.07655038749 2.9310793703818656e-11
 5154.193313953381 2.9290742721235467e-11
 5155.310077519272   2.92755878755997e-11
 5156.426841085164  2.925679599713102e-11
 5157.543604651055  2.923802588162265e-11
 5158.660368216946  2.922108619836685e-11
 5159.777131782837  2.920684650792935e-11
 5160.893895348729  2.920642654231924e-11
  5162.01065891462  2.919378014288176e-11
 5163.127422480511 2.9192729838517016e-11
 5164.244186046402  2.919771961435224e-11
 5165.360949612294  2.919691545057223e-11
 5166.477713178185   2.92059229220488e-11
 5167.594476744076 2.9176604239902024e-11
 5168.711240309967  2.914531357963332e-11
5169.8280038758585 2.9132025008091726e-11
  5170.94476744175  2.912719171567625e-11
 5172.061531007641 2.9122299700294145e-11
 5173.178294573532 2.9117348961945446e-11
 5174.295058139423  2.911233950063013e-11
 5175.411821705315   2.91072713163482e-11
 5176.528585271206  2.910214440909967e-11
 5177.645348837097  2.909695877888452e-11
 5178.762112402988  2.909051384844337e-11
  5179.87887596888  2.908280525268808e-11
 5180.995639534771 2.9072632414359255e-11
 5182.112403100662  2.905999533345689e-11
 5183.229166666553    2.9044894009981e-11
5184.3459302324445 2.9051584105944807e-11
 5185.462693798336  2.905841937439629e-11
 5186.579457364227 2.9050581962035343e-11
 5187.696220930118 2.9025685822000083e-11
 5188.812984496009 2.8998384162357907e-11
 5189.929748061901 2.8968676983108807e-11
 5191.046511627792 2.8936564284252785e-11
 5192.163275193683 2.8902046065789842e-11
 5193.280038759574 2.8865122327719977e-11
 5194.396802325466  2.882579307004319e-11
 5195.513565891357  2.878525887001887e-11
 5196.630329457248  2.874352409273516e-11
 5197.747093023139 2.8701789315451453e-11
 5198.863856589031 2.8660054538167742e-11
 5199.980620154922 2.8618319760884034e-11
 5201.097383720813 2.8576584983600326e-11
 5202.214147286704 2.8534850206316618e-11
5203.3309108525955 2.8493115429032907e-11
 5204.447674418487   2.84513806517492e-11
 5205.564437984378  2.840964587446549e-11
 5206.681201550269 2.8367911097181783e-11
  5207.79796511616 2.8326176319898063e-11
 5208.914728682052  2.828444154261435e-11
 5210.031492247943 2.8240225134620024e-11
 5211.148255813834  2.818916379493311e-11
 5212.265019379725 2.8132637209252582e-11
 5213.381782945617  2.809217565494992e-11
 5214.498546511508 2.8052363701531066e-11
 5215.615310077399 2.8013201348996023e-11
  5216.73207364329 2.7974688597344783e-11
5217.8488372091815 2.7936825446577356e-11
 5218.965600775073 2.7899611896693734e-11
 5220.082364340964 2.7863047947693922e-11
 5221.199127906855  2.782713359957791e-11
 5222.315891472746  2.779186885234571e-11
 5223.432655038638 2.7757253705997322e-11
 5224.549418604529 2.7723288160532735e-11
  5225.66618217042 2.7689972215951955e-11
 5226.782945736311 2.7659787502965605e-11
 5227.899709302203  2.763947392072463e-11
 5229.016472868094 2.7621536234207795e-11
 5230.133236433985  2.758111700817744e-11
 5231.249999999876  2.754886303192535e-11
5232.3667635657675 2.7515299173320388e-11
 5233.483527131659 2.7481060127846828e-11
  5234.60029069755 2.7451325218467278e-11
 5235.717054263441  2.742191353676768e-11
5236.8338178293325 2.7394565628170212e-11
 5237.950581395224 2.7361678000080985e-11
 5239.067344961115 2.7330644761432053e-11
 5240.184108527006  2.730458845361065e-11
 5241.300872092897 2.7279390350673358e-11
 5242.417635658789 2.7255050452620165e-11
  5243.53439922468 2.7231568759451086e-11
 5244.651162790571 2.7206568672997137e-11
 5245.767926356462 2.7186165742580578e-11
 5246.884689922354 2.7178450107320365e-11
 5248.001453488245 2.7151339298590764e-11
 5249.118217054136  2.713355752432983e-11
 5250.234980620027 2.7116852832384035e-11
5251.3517441859185 2.7096045899790776e-11
  5252.46850775181 2.7075317634964107e-11
 5253.585271317701  2.705292749248185e-11
 5254.702034883592 2.7036478964937892e-11
 5255.818798449483 2.7018577943400177e-11
 5256.935562015375 2.6996101886481483e-11
 5258.052325581266 2.6973169520125223e-11
 5259.169089147157 2.6949780844331398e-11
 5260.285852713048 2.6925935859100004e-11
  5261.40261627894 2.6901634564431045e-11
 5262.519379844831  2.687687696032452e-11
 5263.636143410722  2.684690006552765e-11
 5264.752906976613  2.682855498986843e-11
5265.8696705425045 2.6802592657539967e-11
 5266.986434108396  2.677663032521151e-11
 5268.103197674287 2.6750667992883047e-11
 5269.219961240178  2.672470566055458e-11
5270.3367248060695 2.6698743328226117e-11
 5271.453488371961 2.6672780995897655e-11
 5272.570251937852 2.6646818663569197e-11
 5273.687015503743 2.6620856331240726e-11
 5274.803779069634 2.6594893998912264e-11
 5275.920542635526 2.6568931666583805e-11
 5277.037306201417 2.6542969334255347e-11
 5278.154069767308 2.6517007001926885e-11
 5279.270833333199 2.6491044669598417e-11
 5280.387596899091 2.6465082337269952e-11
 5281.504360464982  2.643959032236106e-11
 5282.621124030873  2.640739880078704e-11
 5283.737887596764 2.6374216302894382e-11
5284.8546511626555  2.634768793178556e-11
 5285.971414728547 2.6319196917544948e-11
 5287.088178294438 2.6295373153998603e-11
 5288.204941860329   2.62714522202117e-11
  5289.32170542622 2.6244036373460606e-11
 5290.438468992112 2.6216698918769237e-11
 5291.555232558003 2.6189439856137587e-11
 5292.671996123894 2.6163226721790075e-11
 5293.788759689785 2.6139415253241727e-11
 5294.905523255677 2.6114650157347107e-11
 5296.022286821568 2.6082746862870852e-11
 5297.139050387459 2.6054845433209727e-11
  5298.25581395335  2.602705294477249e-11
5299.3725775192415 2.6000710890262893e-11
 5300.489341085133 2.5979466425274545e-11
 5301.606104651024 2.5957540554339377e-11
 5302.722868216915 2.5934308536565264e-11
5303.8396317828065  2.590734351834636e-11
 5304.956395348698 2.5881408625515757e-11
 5306.073158914589  2.585990160079709e-11
  5307.18992248048 2.5839249139166434e-11
 5308.306686046371 2.5820496515495193e-11
 5309.423449612263 2.5804124849346904e-11
 5310.540213178154 2.5764994908348813e-11
 5311.656976744045  2.574568445357264e-11
 5312.773740309936 2.5734586018107913e-11
 5313.890503875828 2.5720559538557877e-11
 5315.007267441719   2.57070276210942e-11
  5316.12403100761 2.5699818597097835e-11
 5317.240794573501 2.5689576780628653e-11
5318.3575581393925 2.5674436064052287e-11
 5319.474321705284  2.566363795817648e-11
 5320.591085271175 2.5652979422780998e-11
 5321.707848837066 2.5642461752967594e-11
 5322.824612402957 2.5632084948736265e-11
 5323.941375968849 2.5618339652528404e-11
  5325.05813953474  2.560499020680751e-11
 5326.174903100631 2.5584167626795045e-11
 5327.291666666522  2.559457667445297e-11
 5328.408430232414 2.5584824703628674e-11
 5329.525193798305 2.5575261759417723e-11
 5330.641957364196 2.5565887841820103e-11
 5331.758720930087 2.5556702950835826e-11
5332.8754844959785 2.5547707086464882e-11
  5333.99224806187 2.5536822389172856e-11
 5335.109011627761  2.552869002770836e-11
 5336.225775193652  2.551818866923966e-11
5337.3425387595435 2.5514534284789145e-11
 5338.459302325435 2.5505342481378853e-11
 5339.576065891326 2.5501635203828188e-11
 5340.692829457217  2.550109017027346e-11
 5341.809593023108  2.549060806869652e-11
    5342.926356589 2.5481647955808978e-11
 5344.043120154891 2.5471971511625824e-11
 5345.159883720782 2.5462417697341256e-11
 5346.276647286673 2.5451319024657284e-11
 5347.393410852565 2.5440935663556896e-11
 5348.510174418456 2.5417593052577685e-11
 5349.626937984347 2.5406347947288495e-11
 5350.743701550238  2.539680085577547e-11
5351.8604651161295 2.5384310609289995e-11
 5352.977228682021 2.5373998540663808e-11
 5354.093992247912  2.535664867887451e-11
 5355.210755813803  2.534464541690008e-11
 5356.327519379694 2.5326966809921093e-11
 5357.444282945586 2.5309444497359856e-11
 5358.561046511477 2.5300368173899655e-11
 5359.677810077368 2.5294699111819405e-11
 5360.794573643259 2.5279754363999926e-11
 5361.911337209151  2.526686514747334e-11
 5363.028100775042 2.5255140943587893e-11
 5364.144864340933 2.5242321582360613e-11
 5365.261627906824 2.5242081625253883e-11
5366.3783914727155 2.5229364316698884e-11
 5367.495155038607 2.5221203632562593e-11
 5368.611918604498 2.5207999626591787e-11
 5369.728682170389  2.519241803907727e-11
  5370.84544573628 2.5178386020677967e-11
 5371.962209302172 2.5163817058554267e-11
 5373.078972868063 2.5148711152706185e-11
 5374.195736433954 2.5133068303133724e-11
 5375.312499999845 2.5116888509836877e-11
 5376.429263565737 2.5097633983255667e-11
 5377.546027131628   2.50827607765745e-11
 5378.662790697519 2.5060158954004522e-11
  5379.77955426341  2.504145315167872e-11
 5380.896317829302  2.502202424665064e-11
 5382.013081395193  2.500419533126617e-11
 5383.129844961084 2.4986183731588008e-11
 5384.246608526975 2.4963432823197448e-11
5385.3633720928665 2.4945542552347712e-11
 5386.480135658758 2.4929847178747992e-11
 5387.596899224649 2.4912419551739387e-11
  5388.71366279054 2.4895346184161467e-11
 5389.830426356431 2.4878627076014248e-11
 5390.947189922323 2.4854064692249654e-11
 5392.063953488214 2.4837882130327812e-11
 5393.180717054105 2.4824419644760627e-11
 5394.297480619996 2.4806221182363704e-11
 5395.414244185888 2.4795396678925893e-11
 5396.531007751779 2.4780321498314208e-11
  5397.64777131767 2.4765614763475098e-11
 5398.764534883561  2.475366308658345e-11
5399.8812984494525 2.4739026543552717e-11
 5400.998062015344 2.4720421651664687e-11
 5402.114825581235 2.4706728908827293e-11
 5403.231589147126 2.4689402647601787e-11
 5404.348352713017  2.467042150841024e-11
 5405.465116278909 2.4651218372088883e-11
   5406.5818798448 2.4631793238637698e-11
 5407.698643410691 2.4618733747759222e-11
 5408.815406976582 2.4600383826702463e-11
 5409.932170542474 2.4564984447688525e-11
 5411.048934108365  2.454071384949567e-11
 5412.165697674256 2.4524774280660643e-11
 5413.282461240147  2.450587160824672e-11
 5414.399224806039 2.4487418800778206e-11
  5415.51598837193 2.4464706153734332e-11
 5416.632751937821 2.4444956265138958e-11
 5417.749515503712 2.4429452617710286e-11
5418.8662790696035  2.440931471354038e-11
 5419.983042635495  2.439308822006799e-11
 5421.099806201386 2.4378794496871043e-11
 5422.216569767277 2.4365000663113317e-11
 5423.333333333168  2.435170671879482e-11
  5424.45009689906 2.4340522559261088e-11
 5425.566860464951  2.432688115980298e-11
 5426.683624030842 2.4330739083247478e-11
 5427.800387596733 2.4323918090816308e-11
 5428.917151162625 2.4309215933972706e-11
 5430.033914728516 2.4299020441856275e-11
 5431.150678294407  2.428215373779467e-11
 5432.267441860298 2.4270672657299746e-11
5433.3842054261895 2.4259025644505098e-11
 5434.500968992081 2.4247212699410734e-11
 5435.617732557972  2.423523382201665e-11
 5436.734496123863  2.422308901232284e-11
 5437.851259689754 2.4210778270329312e-11
 5438.968023255646 2.4198301596036063e-11
 5440.084786821537 2.4185658989443095e-11
 5441.201550387428 2.4172850450550406e-11
 5442.318313953319 2.4159875979357995e-11
 5443.435077519211 2.4146735575865863e-11
 5444.551841085102 2.4133429240074012e-11
 5445.668604650993 2.4119956971982437e-11
 5446.785368216884 2.4105225075388305e-11
5447.9021317827755 2.4096998458439614e-11
 5449.018895348667  2.408322028562454e-11
 5450.135658914558  2.407465469369841e-11
 5451.252422480449 2.4057070149472513e-11
5452.3691860463405 2.4038420036007002e-11
 5453.485949612232 2.4023292224636142e-11
 5454.602713178123 2.4007752838391725e-11
 5455.719476744014 2.3991801877273748e-11
 5456.836240309905 2.3970283170913597e-11
 5457.953003875797  2.395598252609673e-11
 5459.069767441688 2.3937773049970537e-11
 5460.186531007579  2.391802180314545e-11
  5461.30329457347 2.3901244365921058e-11
 5462.420058139362 2.3882288617053988e-11
 5463.536821705253  2.386350008489135e-11
 5464.653585271144 2.3844451994711385e-11
 5465.770348837035 2.3825144346514106e-11
5466.8871124029265  2.380036455941054e-11
 5468.003875968818  2.378434416658943e-11
 5469.120639534709 2.3769129784990608e-11
   5470.2374031006 2.3750133543279813e-11
 5471.354166666491 2.3731289318425254e-11
 5472.470930232383 2.3712597110426933e-11
 5473.587693798274  2.369921308965346e-11
 5474.704457364165  2.367835144931938e-11
 5475.821220930056  2.366113908227731e-11
 5476.937984495948 2.3645208927916813e-11
 5478.054748061839 2.3626045405938296e-11
  5479.17151162773     2.360685051424e-11
 5480.288275193621 2.3588565347831643e-11
5481.4050387595125 2.3569267072177876e-11
 5482.521802325404 2.3554723081490284e-11
 5483.638565891295 2.3539180869752747e-11
 5484.755329457186 2.3519444735529022e-11
5485.8720930230775  2.351051833869049e-11
 5486.988856588969 2.3498503041542046e-11
  5488.10562015486  2.348760054385912e-11
 5489.222383720751   2.34776260716938e-11
 5490.339147286642 2.3468579625046084e-11
 5491.455910852534 2.3464293711975856e-11
 5492.572674418425 2.3459088235005355e-11
 5493.689437984316 2.3450105004528345e-11
 5494.806201550207 2.3448888059169174e-11
 5495.922965116099 2.3449733676017312e-11
  5497.03972868199 2.3445007362947524e-11
 5498.156492247881  2.344160669601127e-11
 5499.273255813772 2.3433764280996955e-11
5500.3900193796635  2.342893566601969e-11
 5501.506782945555 2.3427766842570253e-11
 5502.623546511446 2.3407141448744872e-11
 5503.740310077337  2.340006732627867e-11
 5504.857073643228 2.3394488682029636e-11
  5505.97383720912 2.3376038298547883e-11
 5507.090600775011  2.335995893828653e-11
 5508.207364340902 2.3348259640749514e-11
 5509.324127906793 2.3332112921363594e-11
 5510.440891472685   2.33224586925612e-11
 5511.557655038576 2.3304998231102084e-11
 5512.674418604467  2.328710862020752e-11
 5513.791182170358 2.3273624814631076e-11
5514.9079457362495 2.3259998847578393e-11
 5516.024709302141  2.324623071904947e-11
 5517.141472868032 2.3230617386945337e-11
 5518.258236433923 2.3215708561211455e-11
5519.3749999998145 2.3209616943880208e-11
 5520.491763565706  2.319323333091158e-11
 5521.608527131597 2.3174411815672135e-11
 5522.725290697488 2.3167704389559713e-11
 5523.842054263379 2.3157868290121164e-11
 5524.958817829271 2.3139061969792674e-11
 5526.075581395162 2.3125793010625238e-11
 5527.192344961053 2.3109979689792684e-11
 5528.309108526944 2.3094376691910892e-11
 5529.425872092836 2.3082329809596006e-11
 5530.542635658727 2.3061706796955674e-11
 5531.659399224618 2.3044724114947472e-11
 5532.776162790509 2.3031807108549396e-11
5533.8929263564005 2.3018454528022118e-11
 5535.009689922292 2.3005874958137026e-11
 5536.126453488183 2.2985540349138235e-11
 5537.243217054074 2.2968111286584466e-11
 5538.359980619965 2.2950343075252995e-11
 5539.476744185857  2.293223571514383e-11
 5540.593507751748 2.2910953642879136e-11
 5541.710271317639  2.289561760308056e-11
  5542.82703488353 2.2869919932348523e-11
 5543.943798449422 2.2852222542219038e-11
 5545.060562015313 2.2834943820027107e-11
 5546.177325581204 2.2805193131875745e-11
 5547.294089147095  2.279074329402875e-11
5548.4108527129865 2.2772136809000173e-11
 5549.527616278878   2.27499353772127e-11
 5550.644379844769 2.2732276975694837e-11
  5551.76114341066  2.270179616327408e-11
5552.8779069765515  2.268542971107007e-11
 5553.994670542443  2.266482270281473e-11
 5555.111434108334 2.2643987499904926e-11
 5556.228197674225  2.262680594983826e-11
 5557.344961240116 2.2609788804141093e-11
 5558.461724806008 2.2586681568555505e-11
 5559.578488371899 2.2576386150407458e-11
  5560.69525193779 2.2558195400523963e-11
 5561.812015503681  2.253969093157002e-11
 5562.928779069573 2.2530694347860866e-11
 5564.045542635464 2.2515077993039895e-11
 5565.162306201355 2.2500432110122798e-11
 5566.279069767246  2.248956549892144e-11
5567.3958333331375 2.2467067451369565e-11
 5568.512596899029  2.245373932714147e-11
  5569.62936046492 2.2436497919289506e-11
 5570.746124030811 2.2424418154909266e-11
 5571.862887596702 2.2416040038401314e-11
 5572.979651162594  2.240502823868023e-11
 5574.096414728485  2.239770756759748e-11
 5575.213178294376 2.2391211774789336e-11
 5576.329941860267  2.238294661632942e-11
 5577.446705426159  2.237525732985471e-11
  5578.56346899205 2.2368143915365204e-11
 5579.680232557941   2.23616063728609e-11
 5580.796996123832   2.23556447023418e-11
5581.9137596897235 2.2353649149699727e-11
 5583.030523255615 2.2341954153439025e-11
 5584.147286821506  2.234007760435561e-11
 5585.264050387397 2.2341387988600563e-11
 5586.380813953288 2.2340559791757737e-11
  5587.49757751918  2.233384394979793e-11
 5588.614341085071 2.2331073651564153e-11
 5589.731104650962 2.2321200593598945e-11
 5590.847868216853  2.231211228184411e-11
 5591.964631782745  2.230226305605185e-11
 5593.081395348636  2.229165291622216e-11
 5594.198158914527  2.228210970038743e-11
 5595.314922480418  2.227589927356796e-11
  5596.43168604631 2.2263760460751125e-11
 5597.548449612201 2.2245213510803115e-11
 5598.665213178092   2.22273329739925e-11
 5599.781976743983 2.2215704032055857e-11
5600.8987403098745  2.220103221344843e-11
 5602.015503875766 2.2180543954890673e-11
 5603.132267441657 2.2168915357085938e-11
 5604.249031007548   2.21601518844948e-11
 5605.365794573439 2.2145112677699523e-11
 5606.482558139331 2.2137299523745385e-11
 5607.599321705222 2.2128824916690584e-11
 5608.716085271113  2.212123451678292e-11
 5609.832848837004 2.2114528324022396e-11
 5610.949612402896  2.210687850037662e-11
 5612.066375968787  2.209924862526084e-11
 5613.183139534678 2.2094553120061504e-11
 5614.299903100569 2.2093617069742307e-11
5615.4166666664605 2.2094581488775938e-11
 5616.533430232352  2.209253748213726e-11
 5617.650193798243  2.208961560097704e-11
 5618.766957364134 2.2092584000659667e-11
 5619.883720930025   2.20867665804818e-11
 5621.000484495917 2.2072718828855223e-11
 5622.117248061808 2.2064988967114847e-11
 5623.234011627699  2.205797475668234e-11
  5624.35077519359 2.2053285131297555e-11
 5625.467538759482 2.2045452132025576e-11
 5626.584302325373 2.2037079338725055e-11
 5627.701065891264 2.2028493593587803e-11
 5628.817829457155 2.2016465452178282e-11
 5629.934593023047 2.1999838936158064e-11
 5631.051356588938  2.199689707528415e-11
 5632.168120154829  2.198581058621632e-11
  5633.28488372072   2.19754545731949e-11
5634.4016472866115 2.1967646976774056e-11
 5635.518410852503  2.195911887051966e-11
 5636.635174418394 2.1950847403214373e-11
 5637.751937984285 2.1950640089628826e-11
 5638.868701550176  2.194394870842812e-11
 5639.985465116068  2.193911956613066e-11
 5641.102228681959 2.1931788721717098e-11
  5642.21899224785  2.191304321990998e-11
 5643.335755813741 2.1901710524866075e-11
 5644.452519379633 2.1897158429906778e-11
 5645.569282945524  2.188986631277693e-11
 5646.686046511415 2.1895046391008472e-11
 5647.802810077306 2.1885425385343116e-11
5648.9195736431975 2.1877457740394153e-11
 5650.036337209089 2.1871759455067312e-11
  5651.15310077498  2.186593259918362e-11
 5652.269864340871 2.1858855963198158e-11
 5653.386627906762 2.1859294395549625e-11
 5654.503391472654 2.1851232089988314e-11
 5655.620155038545 2.1850112460737592e-11
 5656.736918604436   2.18467848162816e-11
 5657.853682170327 2.1831454388691976e-11
 5658.970445736219  2.183788210666881e-11
  5660.08720930211   2.18372046482466e-11
 5661.203972868001  2.182972737791212e-11
 5662.320736433892  2.182365329827109e-11
5663.4374999997835 2.1812643610171376e-11
 5664.554263565675 2.1807320781049413e-11
 5665.671027131566 2.1802340392850325e-11
 5666.787790697457  2.179740477199969e-11
5667.9045542633485 2.1790517028305068e-11
  5669.02131782924 2.1791213220313665e-11
 5670.138081395131 2.1776202296375698e-11
 5671.254844961022  2.177716094060945e-11
 5672.371608526913  2.177055875331186e-11
 5673.488372092805 2.1764023584722672e-11
 5674.605135658696 2.1773359142246657e-11
 5675.721899224587 2.1767026374721036e-11
 5676.838662790478 2.1762739424158248e-11
  5677.95542635637 2.1766060001523993e-11
 5679.072189922261  2.176636399485283e-11
 5680.188953488152 2.1763693594244303e-11
 5681.305717054043     2.176474030965e-11
5682.4224806199345 2.1768501450788783e-11
 5683.539244185826 2.1767155494231277e-11
 5684.656007751717  2.176388225658381e-11
 5685.772771317608 2.1757465232149093e-11
 5686.889534883499 2.1768234118084434e-11
 5688.006298449391 2.1766405031717167e-11
 5689.123062015282 2.1762444856844663e-11
 5690.239825581173 2.1763912091908187e-11
 5691.356589147064  2.175738341955086e-11
 5692.473352712956 2.1764015431412383e-11
 5693.590116278847 2.1770108292296607e-11
 5694.706879844738  2.176382436893299e-11
 5695.823643410629 2.1766971052194575e-11
5696.9404069765205 2.1769955245726615e-11
 5698.057170542412  2.176626755984281e-11
 5699.173934108303  2.175947913882503e-11
 5700.290697674194 2.1757411506102657e-11
5701.4074612400855  2.175888173526181e-11
 5702.524224805977 2.1757952827922498e-11
 5703.640988371868 2.1747844141355837e-11
 5704.757751937759  2.174267868036593e-11
  5705.87451550365 2.1741194584824863e-11
 5706.991279069542 2.1731237253293588e-11
 5708.108042635433  2.172467056773011e-11
 5709.224806201324 2.1711545416997352e-11
 5710.341569767215 2.1697744740293396e-11
 5711.458333333107  2.169386664671919e-11
 5712.575096898998 2.1684826216018702e-11
 5713.691860464889 2.1675951595145596e-11
  5714.80862403078 2.1667978003403338e-11
5715.9253875966715  2.166010122645259e-11
 5717.042151162563 2.1652321264293353e-11
 5718.158914728454 2.1644638116925622e-11
 5719.275678294345 2.1637051784349404e-11
 5720.392441860236 2.1628781038634952e-11
 5721.509205426128  2.162284204041412e-11
 5722.625968992019 2.1613676978979712e-11
  5723.74273255791  2.160686363948047e-11
 5724.859496123801   2.16007075251184e-11
 5725.976259689693 2.1596160192065873e-11
 5727.093023255584  2.159075667225865e-11
 5728.209786821475 2.1580174778900628e-11
 5729.326550387366 2.1562053324730096e-11
5730.4433139532575 2.1559000405300094e-11
 5731.560077519149 2.1553318839988078e-11
  5732.67684108504 2.1545721428391703e-11
 5733.793604650931 2.1543461925282548e-11
5734.9103682168225 2.1528601237202218e-11
 5736.027131782714 2.1516718022607343e-11
 5737.143895348605  2.151409411467579e-11
 5738.260658914496 2.1503578962658012e-11
 5739.377422480387   2.14993778058453e-11
 5740.494186046279  2.149196354338806e-11
  5741.61094961217  2.148247822145402e-11
 5742.727713178061  2.147344521014679e-11
 5743.844476743952 2.1462319199597522e-11
 5744.961240309844  2.145438489640011e-11
 5746.078003875735  2.145126553848313e-11
 5747.194767441626 2.1434342567176533e-11
 5748.311531007517 2.1424369027223914e-11
5749.4282945734085 2.1413830886259187e-11
   5750.5450581393 2.1399106064650808e-11
 5751.661821705191 2.1400464102397833e-11
 5752.778585271082  2.139323645979421e-11
 5753.895348836973 2.1379798106795694e-11
 5755.012112402865  2.137465139535291e-11
 5756.128875968756 2.1357997928065122e-11
 5757.245639534647  2.134520564158061e-11
 5758.362403100538  2.133701454081298e-11
  5759.47916666643 2.1326122504216824e-11
 5760.595930232321  2.131992056893421e-11
 5761.712693798212 2.1310478884607523e-11
 5762.829457364103 2.1296313727219097e-11
5763.9462209299945  2.129150793354203e-11
 5765.062984495886 2.1284042391149672e-11
 5766.179748061777 2.1274427692394147e-11
 5767.296511627668 2.1266849349991483e-11
5768.4132751935595 2.1254209294699744e-11
 5769.530038759451   2.12470988137979e-11
 5770.646802325342 2.1237642332082043e-11
 5771.763565891233 2.1225471887719267e-11
 5772.880329457124  2.122062041133641e-11
 5773.997093023016 2.1215044158319863e-11
 5775.113856588907 2.1206861077588292e-11
 5776.230620154798 2.1200849920583502e-11
 5777.347383720689  2.119216496003226e-11
 5778.464147286581 2.1179887239275974e-11
 5779.580910852472  2.117721315398835e-11
 5780.697674418363 2.1167640019403713e-11
 5781.814437984254  2.115532895611796e-11
5782.9312015501455 2.1152580976222787e-11
 5784.047965116037 2.1141139705604397e-11
 5785.164728681928  2.113004438170751e-11
 5786.281492247819 2.1125642954923818e-11
  5787.39825581371 2.1114053710976644e-11
 5788.515019379602 2.1105830850419452e-11
 5789.631782945493  2.109879324496308e-11
 5790.748546511384  2.108441277452099e-11
 5791.865310077275 2.1073893388931923e-11
 5792.982073643167 2.1064803658234278e-11
 5794.098837209058 2.1053070789220305e-11
 5795.215600774949  2.104716316802482e-11
  5796.33236434084 2.1033607168419503e-11
5797.4491279067315  2.101833287350633e-11
 5798.565891472623 2.1010544607569405e-11
 5799.682655038514 2.0993127073389912e-11
 5800.799418604405  2.098346473100096e-11
 5801.916182170296 2.0971660855139054e-11
 5803.032945736188 2.0951802165972687e-11
 5804.149709302079 2.0943972182811426e-11
  5805.26647286797   2.09303179660825e-11
 5806.383236433861  2.090793250277333e-11
 5807.499999999753  2.089919904760876e-11
 5808.616763565644  2.088874466584765e-11
 5809.733527131535  2.087461745130049e-11
 5810.850290697426 2.0863416993143902e-11
 5811.967054263318 2.0843569176024553e-11
 5813.083817829209 2.0826644529786227e-11
   5814.2005813951  2.081809821389377e-11
 5815.317344960991 2.0802780172344804e-11
5816.4341085268825 2.0788551661750497e-11
 5817.550872092774  2.076862952628242e-11
 5818.667635658665 2.0757859058438798e-11
 5819.784399224556 2.0746091462742323e-11
 5820.901162790447  2.073009823656905e-11
 5822.017926356339  2.071095076210341e-11
  5823.13468992223  2.070445295114676e-11
 5824.251453488121 2.0687631282508537e-11
 5825.368217054012  2.067437512743008e-11
 5826.484980619904  2.066684585006239e-11
 5827.601744185795 2.0651743701361083e-11
 5828.718507751686  2.064924180986264e-11
 5829.835271317577 2.0646170524063822e-11
5830.9520348834685 2.0634128589559096e-11
  5832.06879844936 2.0622355334914255e-11
 5833.185562015251 2.0614094429061594e-11
 5834.302325581142  2.060510472150278e-11
 5835.419089147033 2.0594355236810413e-11
 5836.535852712925 2.0587211013980137e-11
 5837.652616278816  2.057747684351228e-11
 5838.769379844707  2.057408604534877e-11
 5839.886143410598 2.0558847969657773e-11
  5841.00290697649 2.0554861961046574e-11
 5842.119670542381  2.054430874349589e-11
 5843.236434108272 2.0527133874747325e-11
 5844.353197674163 2.0520120766548718e-11
5845.4699612400545  2.050030744907914e-11
 5846.586724805946 2.0489833231257077e-11
 5847.703488371837    2.0480896514611e-11
 5848.820251937728 2.0472110938669306e-11
5849.9370155036195 2.0463476503431998e-11
 5851.053779069511  2.045907224145044e-11
 5852.170542635402 2.0450708946173832e-11
 5853.287306201293 2.0446668098420515e-11
 5854.404069767184 2.0442930985600606e-11
 5855.520833333076 2.0433253099016245e-11
 5856.637596898967  2.043411969346309e-11
 5857.754360464858 2.0421067554496922e-11
 5858.871124030749 2.0411223800521847e-11
 5859.987887596641 2.0411838488795918e-11
 5861.104651162532 2.0404493697352377e-11
 5862.221414728423  2.040251114982542e-11
 5863.338178294314  2.039930664214271e-11
5864.4549418602055 2.0387229805132084e-11
 5865.571705426097 2.0383199039767215e-11
 5866.688468991988 2.0379140062864107e-11
 5867.805232557879 2.0369615483686077e-11
  5868.92199612377 2.0362232390826458e-11
 5870.038759689662 2.0348528066986643e-11
 5871.155523255553 2.0339119262715916e-11
 5872.272286821444 2.0335255752504836e-11
 5873.389050387335 2.0327927160889968e-11
 5874.505813953227 2.0327615744260495e-11
 5875.622577519118  2.032529327389265e-11
 5876.739341085009  2.031598610678689e-11
   5877.8561046509 2.0312101706237647e-11
5878.9728682167915  2.030977701953602e-11
 5880.089631782683  2.030277422839857e-11
 5881.206395348574 2.0304843696303625e-11
 5882.323158914465 2.0299067022277523e-11
5883.4399224803565 2.0293518489504242e-11
 5884.556686046248  2.029363548872049e-11
 5885.673449612139 2.0291810931332914e-11
  5886.79021317803 2.0291073733713763e-11
 5887.906976743921 2.0288047764994362e-11
 5889.023740309813  2.028502179627495e-11
 5890.140503875704  2.028199582755554e-11
 5891.257267441595 2.0281593906596884e-11
 5892.374031007486 2.0279229651697497e-11
 5893.490794573378  2.027309548785262e-11
 5894.607558139269 2.0273571623139807e-11
  5895.72432170516  2.026913206036089e-11
 5896.841085271051 2.0264241778711892e-11
5897.9578488369425 2.0263524645161873e-11
 5899.074612402834  2.025402186969207e-11
 5900.191375968725 2.0248618480367962e-11
 5901.308139534616 2.0241659381513878e-11
 5902.424903100507 2.0236872943969284e-11
 5903.541666666399  2.023255319083635e-11
  5904.65843023229 2.0229214252465413e-11
 5905.775193798181 2.0225312090372457e-11
 5906.891957364072 2.0216166632251025e-11
 5908.008720929964 2.0207388410177874e-11
 5909.125484495855 2.0200589690966722e-11
 5910.242248061746 2.0197578049622342e-11
 5911.359011627637  2.018084903588139e-11
5912.4757751935285 2.0180010342243307e-11
  5913.59253875942  2.017642881780544e-11
 5914.709302325311 2.0168232793014302e-11
 5915.826065891202 2.0167941648079383e-11
5916.9428294570935 2.0159451349693723e-11
 5918.059593022985  2.015822919454543e-11
 5919.176356588876 2.0157159053413336e-11
 5920.293120154767 2.0154543690218362e-11
 5921.409883720658  2.015020308262441e-11
  5922.52664728655 2.0139484433393725e-11
 5923.643410852441 2.0136496894663165e-11
 5924.760174418332 2.0129324629299513e-11
 5925.876937984223 2.0121197200714523e-11
 5926.993701550115  2.011576620312495e-11
 5928.110465116006 2.0118163995746357e-11
 5929.227228681897 2.0108248901567636e-11
 5930.343992247788 2.0101412614100432e-11
5931.4607558136795 2.0094902935929167e-11
 5932.577519379571 2.0082913153798465e-11
 5933.694282945462 2.0085378019488808e-11
 5934.811046511353 2.0076795472533902e-11
 5935.927810077244  2.006733677371365e-11
 5937.044573643136  2.005895080992077e-11
 5938.161337209027 2.0051303473140997e-11
 5939.278100774918 2.0050591599096128e-11
 5940.394864340809 2.0047386107955744e-11
 5941.511627906701 2.0045368257015575e-11
 5942.628391472592   2.00442825977516e-11
 5943.745155038483 2.0040477535947076e-11
 5944.861918604374 2.0035944954572215e-11
5945.9786821702655  2.003274483533686e-11
 5947.095445736157 2.0029653656435995e-11
 5948.212209302048 2.0026671417869617e-11
 5949.328972867939 2.0030044242702385e-11
5950.4457364338305 2.0023056384395295e-11
 5951.562499999722 2.0021397702402205e-11
 5952.679263565613  2.001828469432491e-11
 5953.796027131504 2.0015171686247606e-11
 5954.912790697395 2.0015041765739904e-11
 5956.029554263287 2.0010015809079865e-11
 5957.146317829178  2.000129962456641e-11
 5958.263081395069  1.999964085109219e-11
  5959.37984496096 1.9999423107374996e-11
 5960.496608526852  1.999815135302282e-11
 5961.613372092743 1.9997199479179587e-11
 5962.730135658634 1.9995734411004845e-11
 5963.846899224525  1.999782106782654e-11
5964.9636627904165 2.0001205425882572e-11
 5966.080426356308 1.9990349156232822e-11
 5967.197189922199 1.9980575058358737e-11
  5968.31395348809  1.998190750195062e-11
 5969.430717053981 1.9977155909166597e-11
 5970.547480619873  1.998092013495209e-11
 5971.664244185764 1.9979010100041048e-11
 5972.781007751655 1.9982498665650992e-11
 5973.897771317546 1.9988195836149417e-11
 5975.014534883438 1.9980192872480564e-11
 5976.131298449329 1.9977751994611196e-11
  5977.24806201522 1.9976321038758537e-11
 5978.364825581111 1.9966943639954142e-11
5979.4815891470025 1.9965403761215384e-11
 5980.598352712894 1.9960998202762178e-11
 5981.715116278785 1.9950172463375107e-11
 5982.831879844676  1.995722094503557e-11
5983.9486434105675 1.9964705238092304e-11
 5985.065406976459 1.9956988528404217e-11
  5986.18217054235 1.9963137814282236e-11
 5987.298934108241  1.995717195227829e-11
 5988.415697674132  1.995101419620511e-11
 5989.532461240024  1.994992501202802e-11
 5990.649224805915 1.9952291367958853e-11
 5991.765988371806 1.9960261230151454e-11
 5992.882751937697  1.996258151114775e-11
 5993.999515503589  1.996159922692422e-11
  5995.11627906948 1.9977081875646327e-11
 5996.233042635371 1.9985373439166458e-11
 5997.349806201262 1.9992978229559368e-11
5998.4665697671535 2.0004390365352364e-11
 5999.583333333045 2.0012938278210958e-11
 6000.700096898936 2.0024066391856126e-11
 6001.816860464827  2.003938376594342e-11
 6002.933624030718  2.004464624564697e-11
  6004.05038759661  2.005988611410805e-11
 6005.167151162501 2.0079802965835896e-11
 6006.283914728392  2.008962938081803e-11
 6007.400678294283  2.009776752609567e-11
 6008.517441860175 2.0107230535678135e-11
 6009.634205426066 2.0115625658338912e-11
 6010.750968991957 2.0127653082276306e-11
 6011.867732557848  2.013112778314939e-11
6012.9844961237395  2.013475489092885e-11
 6014.101259689631 2.0138668373992063e-11
 6015.218023255522 2.0144182638793244e-11
 6016.334786821413 2.0149213180625596e-11
 6017.451550387304  2.015043118593796e-11
 6018.568313953196 2.0151840039525593e-11
 6019.685077519087 2.0155807475745285e-11
 6020.801841084978 2.0153682499958424e-11
 6021.918604650869  2.015004925553949e-11
 6023.035368216761 2.0151220959040074e-11
 6024.152131782652  2.015239266254066e-11
 6025.268895348543 2.0153564366041236e-11
 6026.385658914434  2.015473606954182e-11
 6027.502422480326 2.0155907773042405e-11
 6028.619186046217  2.015707947654299e-11
 6029.735949612108 2.0158251180043573e-11
 6030.852713177999 2.0159422883544154e-11
6031.9694767438905 2.0164578066554575e-11
 6033.086240309782 2.0159747234229497e-11
 6034.203003875673  2.015722362571058e-11
 6035.319767441564 2.0160044159881787e-11
 6036.436531007455 2.0159830819320012e-11
 6037.553294573347  2.015563003417834e-11
 6038.670058139238 2.0149281131072046e-11
 6039.786821705129  2.014629984929123e-11
  6040.90358527102 2.0143157128802808e-11
 6042.020348836912  2.014349133884508e-11
 6043.137112402803 2.0137429501807645e-11
 6044.253875968694 2.0131204933951813e-11
 6045.370639534585 2.0125369666355532e-11
6046.4874031004765 2.0119625499953556e-11
 6047.604166666368 2.0115528424212967e-11
 6048.720930232259 2.0104111425334215e-11
  6049.83769379815 2.0098923763643418e-11
 6050.954457364041 2.0089947551561286e-11
 6052.071220929933 2.0074888840019518e-11
 6053.187984495824 2.0065234402091976e-11
 6054.304748061715 2.0060505200016434e-11
 6055.421511627606 2.0054786932752732e-11
 6056.538275193498 2.0044687407443033e-11
 6057.655038759389 2.0033735684120422e-11
  6058.77180232528   2.00224887423945e-11
 6059.888565891171  2.001680208171526e-11
6061.0053294570625 2.0003463527789085e-11
 6062.122093022954 1.9991265557453517e-11
 6063.238856588845 1.9979249895591843e-11
 6064.355620154736 1.9960033746586988e-11
6065.4723837206275 1.9944153028593292e-11
 6066.589147286519 1.9935134168224694e-11
  6067.70591085241 1.9930797166921575e-11
 6068.822674418301  1.992632008328664e-11
 6069.939437984192  1.991357643651503e-11
 6071.056201550084 1.9902338071464495e-11
 6072.172965115975 1.9897275045786697e-11
 6073.289728681866 1.9891851922394947e-11
 6074.406492247757  1.988384394232187e-11
 6075.523255813649 1.9871419142107393e-11
  6076.64001937954    1.9855026384961e-11
 6077.756782945431  1.985100761763908e-11
 6078.873546511322 1.9844534984940234e-11
6079.9903100772135  1.983190837570068e-11
 6081.107073643105 1.9828261467301346e-11
 6082.223837208996 1.9822113933872446e-11
 6083.340600774887 1.9814429276091076e-11
 6084.457364340778  1.980321965445596e-11
  6085.57412790667 1.9791777630647328e-11
 6086.690891472561 1.9785893405842798e-11
 6087.807655038452  1.977756664081152e-11
 6088.924418604343 1.9762247345165877e-11
 6090.041182170235  1.975337554932682e-11
 6091.157945736126  1.974909347713507e-11
 6092.274709302017 1.9743671402314077e-11
 6093.391472867908   1.97427543591942e-11
6094.5082364337995  1.973697925905135e-11
 6095.624999999691 1.9731896627858586e-11
 6096.741763565582 1.9737614774614955e-11
 6097.858527131473 1.9734472122348568e-11
6098.9752906973645  1.973365815693856e-11
 6100.092054263256 1.9730138766276146e-11
 6101.208817829147 1.9726178054731294e-11
 6102.325581395038 1.9717666509457677e-11
 6103.442344960929 1.9720423495110813e-11
 6104.559108526821 1.9711994619316144e-11
 6105.675872092712   1.97142103904222e-11
 6106.792635658603 1.9714936589351525e-11
 6107.909399224494 1.9710788286488824e-11
 6109.026162790386 1.9714776986390026e-11
 6110.142926356277 1.9716858544317487e-11
 6111.259689922168  1.971724666048172e-11
 6112.376453488059 1.9717791564573963e-11
6113.4932170539505 1.9713341532940942e-11
 6114.609980619842 1.9714251271323597e-11
 6115.726744185733 1.9717746730622086e-11
 6116.843507751624 1.9721399941791214e-11
 6117.960271317515 1.9729367981288638e-11
 6119.077034883407 1.9735100464419905e-11
 6120.193798449298  1.972722609691218e-11
 6121.310562015189  1.973368233721238e-11
  6122.42732558108  1.973466112652573e-11
 6123.544089146972  1.972962215014253e-11
 6124.660852712863 1.9732888514619528e-11
 6125.777616278754 1.9728357925434086e-11
 6126.894379844645 1.9725893420678756e-11
6128.0111434105365 1.9725281300143047e-11
 6129.127906976428 1.9724604155448543e-11
 6130.244670542319 1.9723861986595238e-11
  6131.36143410821 1.9723054793583137e-11
6132.4781976741015 1.9719695081638095e-11
 6133.594961239993 1.9717175239142298e-11
 6134.711724805884  1.971096657176662e-11
 6135.828488371775  1.971251538695327e-11
 6136.945251937666 1.9712092115199523e-11
 6138.062015503558  1.971338942896148e-11
 6139.178779069449 1.9717086878585292e-11
  6140.29554263534  1.971813646622776e-11
 6141.412306201231  1.970900308451572e-11
 6142.529069767123 1.9705945938368196e-11
 6143.645833333014  1.970785988239777e-11
 6144.762596898905 1.9709459753678936e-11
 6145.879360464796 1.9712720967504177e-11
6146.9961240306875  1.971290472893288e-11
 6148.112887596579 1.9713935010971568e-11
  6149.22965116247 1.9715125727042814e-11
 6150.346414728361 1.9716476877146628e-11
 6151.463178294252    1.9717988461283e-11
 6152.579941860144 1.9719660479451947e-11
 6153.696705426035 1.9726001954749952e-11
 6154.813468991926 1.9727498250630826e-11
 6155.930232557817   1.97254022743555e-11
 6157.046996123709 1.9730204681893596e-11
   6158.1637596896 1.9743502986620067e-11
 6159.280523255491 1.9747498187291946e-11
 6160.397286821382 1.9746366400016552e-11
6161.5140503872735   1.97453927877194e-11
 6162.630813953165 1.9742601935108018e-11
 6163.747577519056  1.974475927364127e-11
 6164.864341084947 1.9738958875506175e-11
6165.9811046508385  1.973414439958417e-11
  6167.09786821673  1.973634363099852e-11
 6168.214631782621 1.9732052473137418e-11
 6169.331395348512 1.9726642540056615e-11
 6170.448158914403 1.9726344228774814e-11
 6171.564922480295 1.9720869259977036e-11
 6172.681686046186 1.9720087135896336e-11
 6173.798449612077  1.971592638218163e-11
 6174.915213177968 1.9703098930094798e-11
  6176.03197674386 1.9699298186032383e-11
 6177.148740309751 1.9697784864004526e-11
 6178.265503875642 1.9695531732274997e-11
 6179.382267441533 1.9693543724736784e-11
6180.4990310074245  1.968979420487161e-11
 6181.615794573316 1.9693265127485945e-11
 6182.732558139207  1.969569892027577e-11
 6183.849321705098 1.9691067798117816e-11
 6184.966085270989  1.969460535053268e-11
 6186.082848836881 1.9698621269352063e-11
 6187.199612402772 1.9690881399081364e-11
 6188.316375968663 1.9694835314203436e-11
 6189.433139534554 1.9692765105268806e-11
 6190.549903100446  1.968774924091223e-11
 6191.666666666337  1.969692507442198e-11
 6192.783430232228 1.9699602424474604e-11
 6193.900193798119  1.969705165495228e-11
6195.0169573640105 1.9699944065540357e-11
 6196.133720929902  1.970010285553318e-11
 6197.250484495793 1.9703437240221632e-11
 6198.367248061684 1.9703067629794775e-11
6199.4840116275755 1.9700307652565538e-11
 6200.600775193467 1.9697367098615034e-11
 6201.717538759358 1.9695425746559825e-11
 6202.834302325249  1.969888348430482e-11
  6203.95106589114 1.9713376761683243e-11
 6205.067829457032 1.9718807942696166e-11
 6206.184593022923 1.9722478410975585e-11
 6207.301356588814 1.9732891809458324e-11
 6208.418120154705 1.9735335055974937e-11
 6209.534883720597  1.974486353611969e-11
 6210.651647286488 1.9754612287391237e-11
 6211.768410852379  1.975245681860281e-11
  6212.88517441827 1.9758330121908276e-11
6214.0019379841615 1.9759348599399115e-11
 6215.118701550053 1.9767563858058853e-11
 6216.235465115944  1.978411232597112e-11
 6217.352228681835 1.9794952971541895e-11
 6218.468992247726   1.98099377354269e-11
 6219.585755813618 1.9816189369769036e-11
 6220.702519379509 1.9816663128771483e-11
   6221.8192829454 1.9819925302388056e-11
 6222.936046511291 1.9826522914203173e-11
 6224.052810077183  1.982736981721989e-11
 6225.169573643074   1.98336127492556e-11
 6226.286337208965 1.9834949123526084e-11
 6227.403100774856 1.9839260594081858e-11
6228.5198643407475 1.9850604538986403e-11
 6229.636627906639 1.9848482145196878e-11
  6230.75339147253 1.9855110063525517e-11
 6231.870155038421 1.9859795289116304e-11
 6232.986918604312  1.985223041327663e-11
 6234.103682170204 1.9857579571923653e-11
 6235.220445736095  1.985245146370226e-11
 6236.337209301986 1.9853043813173304e-11
 6237.453972867877 1.9855128373385753e-11
 6238.570736433769 1.9857075195216836e-11
  6239.68749999966 1.9861951954846943e-11
 6240.804263565551  1.986791029091621e-11
 6241.921027131442  1.986569219558715e-11
 6243.037790697334 1.9869536494455168e-11
 6244.154554263225  1.987307144497387e-11
 6245.271317829116 1.9870447735429252e-11
 6246.388081395007  1.988189308431872e-11
6247.5048449608985 1.9881806886607726e-11
  6248.62160852679   1.98752084483372e-11
 6249.738372092681  1.988350439799878e-11
 6250.855135658572  1.987809580071519e-11
 6251.971899224463 1.9874431992147142e-11
 6253.088662790355 1.9878806084206575e-11
 6254.205426356246 1.9874688576766193e-11
 6255.322189922137 1.9874748021194602e-11
 6256.438953488028  1.987024259549313e-11
  6257.55571705392 1.9867683307475246e-11
 6258.672480619811 1.9867803017730335e-11
 6259.789244185702 1.9862603803959216e-11
 6260.906007751593  1.985725315866517e-11
6262.0227713174845 1.9858849629150347e-11
 6263.139534883376 1.9848774437408094e-11
 6264.256298449267  1.985011716626179e-11
 6265.373062015158 1.9860567102595377e-11
 6266.489825581049 1.9856666660894792e-11
 6267.606589146941 1.9858914925367468e-11
 6268.723352712832 1.9866110414416215e-11
 6269.840116278723 1.9861877761683364e-11
 6270.956879844614 1.9865994789231365e-11
 6272.073643410506 1.9865792945691608e-11
 6273.190406976397 1.9866946376882383e-11
 6274.307170542288 1.9868571682020723e-11
 6275.423934108179  1.986999302034007e-11
6276.5406976740705 1.9871210391840425e-11
 6277.657461239962 1.9872913993669154e-11
 6278.774224805853 1.9874277635412273e-11
 6279.890988371744 1.9881439092277048e-11
6281.0077519376355 1.9881365492744304e-11
 6282.124515503527 1.9876738978689725e-11
 6283.241279069418 1.9879764667805756e-11
 6284.358042635309 1.9875298810586807e-11
   6285.4748062012 1.9872505691114226e-11
 6286.591569767092 1.9876167168790793e-11
 6287.708333332983  1.988062248540763e-11
 6288.825096898874 1.9886034551625163e-11
 6289.941860464765 1.9892098237595977e-11
 6291.058624030657 1.9895366969306602e-11
 6292.175387596548 1.9898891742025212e-11
 6293.292151162439  1.990267255575181e-11
  6294.40891472833  1.990569672821699e-11
6295.5256782942215  1.991371461994325e-11
 6296.642441860113 1.9920615841223545e-11
 6297.759205426004 1.9922724749265814e-11
 6298.875968991895 1.9927845158622047e-11
 6299.992732557786 1.9923499079727065e-11
 6301.109496123678  1.993209493581495e-11
 6302.226259689569  1.994184244876025e-11
  6303.34302325546 1.9942764535542152e-11
 6304.459786821351 1.9940725298050726e-11
 6305.576550387243 1.9938804827056053e-11
 6306.693313953134 1.9939944151520697e-11
 6307.810077519025  1.994577578572906e-11
 6308.926841084916 1.9946995873233993e-11
6310.0436046508075 1.9950529594563477e-11
 6311.160368216699 1.9952850417163914e-11
  6312.27713178259 1.9947988844435017e-11
 6313.393895348481  1.995019124207674e-11
6314.5106589143725 1.9951037958931747e-11
 6315.627422480264 1.9949600551655667e-11
 6316.744186046155 1.9958115868882667e-11
 6317.860949612046 1.9958942500127106e-11
 6318.977713177937 1.9958480405473086e-11
 6320.094476743829  1.995877627688868e-11
  6321.21124030972 1.9954951055520542e-11
 6322.328003875611 1.9959559772255644e-11
 6323.444767441502 1.9958292093015433e-11
 6324.561531007394  1.995469938532725e-11
 6325.678294573285 1.9955543881162375e-11
 6326.795058139176  1.995390039999284e-11
 6327.911821705067  1.995430815664165e-11
6329.0285852709585  1.995698628718658e-11
  6330.14534883685  1.995378978763839e-11
 6331.262112402741 1.9958396233996787e-11
 6332.378875968632  1.996422943104122e-11
 6333.495639534523  1.995884809102302e-11
 6334.612403100415 1.9963224739395063e-11
 6335.729166666306  1.996402748661381e-11
 6336.845930232197 1.9965213186769294e-11
 6337.962693798088 1.9975960484193564e-11
  6339.07945736398  1.997354617419964e-11
 6340.196220929871 1.9976036016355204e-11
 6341.312984495762  1.997929570917695e-11
 6342.429748061653 1.9982815881872555e-11
6343.5465116275445 1.9985835013010834e-11
 6344.663275193436 1.9992055111005616e-11
 6345.780038759327 1.9991900493110014e-11
 6346.896802325218  1.999785844379989e-11
6348.0135658911095 2.0000505304513698e-11
 6349.130329457001 1.9998581411326375e-11
 6350.247093022892 2.0014335851988676e-11
 6351.363856588783 2.0022144344918734e-11
 6352.480620154674 2.0024423759146545e-11
 6353.597383720566  2.003250026812135e-11
 6354.714147286457 2.0031769493616102e-11
 6355.830910852348 2.0040320550317924e-11
 6356.947674418239  2.004888982001333e-11
 6358.064437984131 2.0055155491162074e-11
 6359.181201550022  2.006286193943289e-11
 6360.297965115913 2.0071761059175506e-11
 6361.414728681804 2.0077198845497475e-11
6362.5314922476955 2.0086410728846565e-11
 6363.648255813587 2.0089321715364606e-11
 6364.765019379478 2.0097865977274964e-11
 6365.881782945369 2.0106714757120604e-11
  6366.99854651126  2.010780773204172e-11
 6368.115310077152 2.0110262259525282e-11
 6369.232073643043 2.0121738521414125e-11
 6370.348837208934 2.0120999293216126e-11
 6371.465600774825  2.013144744275035e-11
 6372.582364340717 2.0137840785761555e-11
 6373.699127906608 2.0139832616989315e-11
 6374.815891472499  2.014348269772764e-11
  6375.93265503839  2.014252788357689e-11
6377.0494186042815 2.0142066363301898e-11
 6378.166182170173  2.014177255295167e-11
 6379.282945736064 2.0145322710863338e-11
 6380.399709301955  2.015019549506402e-11
6381.5164728678465 2.0150020739473862e-11
 6382.633236433738 2.0153880962695244e-11
 6383.749999999629  2.015694547064846e-11
  6384.86676356552 2.0159892354998286e-11
 6385.983527131411 2.0163393083766256e-11
 6387.100290697303  2.017027726410256e-11
 6388.217054263194 2.0172783861352588e-11
 6389.333817829085 2.0173724793995016e-11
 6390.450581394976 2.0176319060899473e-11
 6391.567344960868 2.0183520382002997e-11
 6392.684108526759 2.0192721507556693e-11
  6393.80087209265  2.019378274332527e-11
 6394.917635658541   2.01977486943071e-11
6396.0343992244325  2.020050438409592e-11
 6397.151162790324 2.0193723974606426e-11
 6398.267926356215 2.0198719923726422e-11
 6399.384689922106  2.020210190892302e-11
 6400.501453487997 2.0197952789469548e-11
 6401.618217053889 2.0199874755380234e-11
  6402.73498061978 2.0191484482381484e-11
 6403.851744185671 2.0189873602312718e-11
 6404.968507751562  2.019171939372599e-11
 6406.085271317454 2.0189901764461227e-11
 6407.202034883345 2.0187597099835297e-11
 6408.318798449236 2.0180510723842456e-11
 6409.435562015127  2.017376865496248e-11
6410.5523255810185 2.0178949992028557e-11
  6411.66908914691 2.0181273220854693e-11
 6412.785852712801 2.0179098652037097e-11
 6413.902616278692 2.0180011779809593e-11
 6415.019379844583 2.0164369877180375e-11
 6416.136143410475 2.0157421875994814e-11
 6417.252906976366 2.0159140186597654e-11
 6418.369670542257  2.014795556313896e-11
 6419.486434108148 2.0144242361170023e-11
  6420.60319767404 2.0145677871031695e-11
 6421.719961239931 2.0133709322423882e-11
 6422.836724805822 2.0134131525567303e-11
 6423.953488371713 2.0129811949893784e-11
 6425.070251937605 2.0127545497952522e-11
 6426.187015503496 2.0127019665128176e-11
 6427.303779069387  2.011744606915121e-11
 6428.420542635278 2.0107501452872904e-11
6429.5373062011695 2.0101604476065283e-11
 6430.654069767061 2.0100604533935046e-11
 6431.770833332952 2.0105410891489603e-11
 6432.887596898843 2.0101460511652157e-11
 6434.004360464734 2.0091117689907166e-11
 6435.121124030626  2.009205373144363e-11
 6436.237887596517   2.00843566699189e-11
 6437.354651162408 2.0071274443309433e-11
 6438.471414728299  2.007630058253318e-11
 6439.588178294191 2.0069678399281775e-11
 6440.704941860082 2.0066567055871388e-11
 6441.821705425973 2.0060449673482245e-11
 6442.938468991864 2.0054946340606044e-11
6444.0552325577555 2.0053477434382042e-11
 6445.171996123647 2.0050189933958615e-11
 6446.288759689538  2.004847122820131e-11
 6447.405523255429 2.0044358970265854e-11
  6448.52228682132 2.0047030996579763e-11
 6449.639050387212 2.0051543187944247e-11
 6450.755813953103 2.0058505052636652e-11
 6451.872577518994 2.0059813881946268e-11
 6452.989341084885 2.0067586516352005e-11
 6454.106104650777  2.007475980109935e-11
 6455.222868216668   2.00728654260687e-11
 6456.339631782559 2.0078903147216646e-11
  6457.45639534845 2.0079804456117183e-11
 6458.573158914342 2.0081704259687522e-11
 6459.689922480233 2.0081478536203408e-11
 6460.806686046124 2.0083141746394568e-11
 6461.923449612015 2.0086979398078175e-11
6463.0402131779065  2.008960410238867e-11
 6464.156976743798  2.009834797391342e-11
 6465.273740309689 2.0097068971500657e-11
  6466.39050387558 2.0089620481084912e-11
 6467.507267441471 2.0088823182357273e-11
 6468.624031007363   2.00867310257987e-11
 6469.740794573254 2.0088966529264235e-11
 6470.857558139145  2.009142587576073e-11
 6471.974321705036  2.009381093159598e-11
 6473.091085270928  2.008799825437309e-11
 6474.207848836819 2.0098635581833125e-11
  6475.32461240271  2.010345926902511e-11
 6476.441375968601 2.0113784374456177e-11
6477.5581395344925  2.011966802938885e-11
 6478.674903100384  2.011879281078163e-11
 6479.791666666275 2.0128910887477294e-11
 6480.908430232166  2.013531147485577e-11
 6482.025193798057   2.01414739791983e-11
 6483.141957363949 2.0152250620106528e-11
  6484.25872092984 2.0158819194003957e-11
 6485.375484495731  2.016752420976705e-11
 6486.492248061622   2.01717388838465e-11
 6487.609011627514  2.017556703323544e-11
 6488.725775193405 2.0179008657933886e-11
 6489.842538759296 2.0185535738088793e-11
 6490.959302325187 2.0182366027320206e-11
6492.0760658910785  2.018535023993252e-11
  6493.19282945697  2.018298975526646e-11
 6494.309593022861 2.0181580188352324e-11
 6495.426356588752 2.0186987508626204e-11
6496.5431201546435 2.0182033821915714e-11
 6497.659883720535 2.0176961049901682e-11
 6498.776647286426  2.017525399102715e-11
 6499.893410852317  2.017319256639457e-11
 6501.010174418208 2.0170776776003942e-11
   6502.1269379841  2.016800661985526e-11
 6503.243701549991  2.016488209794853e-11
 6504.360465115882  2.016020844750031e-11
 6505.477228681773 2.0156834874599173e-11
 6506.593992247665 2.0149036436274796e-11
 6507.710755813556 2.0145035899361533e-11
 6508.827519379447  2.013746967761158e-11
 6509.944282945338 2.0132464433074313e-11
6511.0610465112295 2.0128726366192043e-11
 6512.177810077121 2.0124612190370597e-11
 6513.294573643012  2.012537422453461e-11
 6514.411337208903  2.012190878280522e-11
 6515.528100774794 2.0113715422132195e-11
 6516.644864340686 2.0106442076196828e-11
 6517.761627906577 2.0099294068020018e-11
 6518.878391472468  2.009643490449992e-11
 6519.995155038359 2.0096263184997708e-11
 6521.111918604251   2.00940530341732e-11
 6522.228682170142 2.0084796501860875e-11
 6523.345445736033 2.0083057341624686e-11
 6524.462209301924 2.0079024657161013e-11
6525.5789728678155 2.0079436184347495e-11
 6526.695736433707  2.007749061887984e-11
 6527.812499999598 2.0077489289172776e-11
 6528.929263565489  2.008004637032797e-11
6530.0460271313805  2.007554955122475e-11
 6531.162790697272  2.007891923843416e-11
 6532.279554263163 2.0083524620277256e-11
 6533.396317829054 2.0088121483262385e-11
 6534.513081394945 2.0095784211167707e-11
 6535.629844960837 2.0090790932914324e-11
 6536.746608526728 2.0091241751703572e-11
 6537.863372092619 2.0094033370037144e-11
  6538.98013565851  2.010499747133898e-11
 6540.096899224402 2.0116661620717904e-11
 6541.213662790293 2.0122251628404482e-11
 6542.330426356184  2.013446834515783e-11
 6543.447189922075 2.0147570061889016e-11
6544.5639534879665 2.0158670391455566e-11
 6545.680717053858 2.0167155158755814e-11
 6546.797480619749 2.0176810081315394e-11
  6547.91424418564 2.0182917533638265e-11
 6549.031007751531 2.0192608770453594e-11
 6550.147771317423 2.0201480071571757e-11
 6551.264534883314 2.0207251730193683e-11
 6552.381298449205 2.0221482110500126e-11
 6553.498062015096 2.0227672509928563e-11
 6554.614825580988 2.0234846864100934e-11
 6555.731589146879 2.0239332233670233e-11
  6556.84835271277  2.023976224293402e-11
 6557.965116278661  2.024449921113098e-11
6559.0818798445525 2.0241468137872196e-11
 6560.198643410444  2.023708537450147e-11
 6561.315406976335 2.0232702611130743e-11
 6562.432170542226  2.022831984776002e-11
6563.5489341081175  2.022393708438929e-11
 6564.665697674009 2.0221856532471144e-11
   6565.7824612399 2.0206450745214814e-11
 6566.899224805791  2.019298512485418e-11
 6568.015988371682  2.018152827800023e-11
 6569.132751937574 2.0164342591652204e-11
 6570.249515503465  2.014632743075066e-11
 6571.366279069356 2.0133011558428913e-11
 6572.483042635247  2.011670868434266e-11
 6573.599806201139 2.0100341652157047e-11
  6574.71656976703  2.008609536057575e-11
 6575.833333332921  2.006653967095348e-11
 6576.950096898812 2.0053815959555195e-11
6578.0668604647035 2.0037629611133316e-11
 6579.183624030595 2.0023093444647634e-11
 6580.300387596486  2.001526489991877e-11
 6581.417151162377 2.0004706639963944e-11
 6582.533914728268 2.0008857821046968e-11
  6583.65067829416 2.0012453040933974e-11
 6584.767441860051  2.001807806791791e-11
 6585.884205425942 2.0033500530935765e-11
 6587.000968991833  2.004112138180027e-11
 6588.117732557725  2.004858153058369e-11
 6589.234496123616 2.0065720038628736e-11
 6590.351259689507 2.0080528933784817e-11
 6591.468023255398 2.0093280986569785e-11
6592.5847868212895 2.0114102819080936e-11
 6593.701550387181  2.013365828370895e-11
 6594.818313953072  2.015999916689288e-11
 6595.935077518963 2.0181760586492215e-11
6597.0518410848545  2.020251484197154e-11
 6598.168604650746 2.0224577735536747e-11
 6599.285368216637 2.0253964623179587e-11
 6600.402131782528 2.0282156930949613e-11
 6601.518895348419 2.0298043244955497e-11
 6602.635658914311  2.031926442196878e-11
 6603.752422480202 2.0351155500943946e-11
 6604.869186046093 2.0380546808675403e-11
 6605.985949611984 2.0408483649586415e-11
 6607.102713177876 2.0439517898527792e-11
 6608.219476743767 2.0470065792915835e-11
 6609.336240309658 2.0499340104856213e-11
 6610.453003875549 2.0524535605693263e-11
6611.5697674414405 2.0547895124235525e-11
 6612.686531007332 2.0575670723663712e-11
 6613.803294573223 2.0599232664692628e-11
 6614.920058139114 2.0623400270646572e-11
 6616.036821705005 2.0640346476060752e-11
 6617.153585270897   2.06585898548856e-11
 6618.270348836788 2.0689584182042537e-11
 6619.387112402679 2.0711109544208076e-11
  6620.50387596857 2.0729636539230242e-11
 6621.620639534462 2.0746833048970527e-11
 6622.737403100353 2.0759500998007297e-11
 6623.854166666244 2.0772173639975158e-11
 6624.970930232135  2.078625507052757e-11
6626.0876937980265 2.0800036672352603e-11
 6627.204457363918 2.0815764368640216e-11
 6628.321220929809  2.082678837133327e-11
   6629.4379844957 2.0830785811234485e-11
 6630.554748061591  2.084326365419435e-11
 6631.671511627483 2.0851135086332695e-11
 6632.788275193374 2.0853437403560752e-11
 6633.905038759265  2.086191892009155e-11
 6635.021802325156 2.0862785080204558e-11
 6636.138565891048 2.0871387271801992e-11
 6637.255329456939 2.0881669913901967e-11
  6638.37209302283 2.0887160109179243e-11
 6639.488856588721 2.0894833531549347e-11
 6640.605620154613 2.0896723898582457e-11
 6641.722383720504   2.09038027758121e-11
 6642.839147286395   2.09141308081231e-11
 6643.955910852286  2.091615190061143e-11
6645.0726744181775 2.0925959857173987e-11
 6646.189437984069 2.0937192871742766e-11
  6647.30620154996  2.094319160541839e-11
 6648.422965115851 2.0956285263070097e-11
 6649.539728681742  2.096975942066725e-11
 6650.656492247634   2.09721369028551e-11
 6651.773255813525    2.0981819266564e-11
 6652.890019379416  2.098414773896143e-11
 6654.006782945307 2.0987769525657532e-11
 6655.123546511199 2.0996146696592507e-11
  6656.24031007709 2.1002303577850827e-11
 6657.357073642981  2.101967163246127e-11
 6658.473837208872 2.1025151577023588e-11
6659.5906007747635  2.102484173539308e-11
 6660.707364340655 2.1035938945191634e-11
 6661.824127906546 2.1038183087417126e-11
 6662.940891472437 2.1045944696407677e-11
 6664.057655038328 2.1053083524269586e-11
  6665.17441860422  2.105868393506746e-11
 6666.291182170111   2.10643822177039e-11
 6667.407945736002 2.1076775664425918e-11
 6668.524709301893  2.109139633306365e-11
 6669.641472867785 2.1104206958772416e-11
 6670.758236433676  2.111619143651527e-11
 6671.874999999567 2.1122464593445416e-11
 6672.991763565458 2.1129175642886024e-11
  6674.10852713135 2.1132013885777096e-11
 6675.225290697241 2.1143434440859995e-11
 6676.342054263132  2.114960669593012e-11
 6677.458817829023  2.115300795565009e-11
6678.5755813949145 2.1165910633786374e-11
 6679.692344960806  2.118029334503954e-11
 6680.809108526697 2.1188532199127627e-11
 6681.925872092588 2.1191355955593714e-11
 6683.042635658479  2.120077914851968e-11
 6684.159399224371 2.1209626844418263e-11
 6685.276162790262  2.121182965469733e-11
 6686.392926356153  2.121696248547991e-11
 6687.509689922044 2.1224747551788233e-11
 6688.626453487936 2.1233312044564174e-11
 6689.743217053827  2.124470791909576e-11
 6690.859980619718  2.125020612506218e-11
 6691.976744185609 2.1252434555381194e-11
6693.0935077515005 2.1270666198161877e-11
 6694.210271317392  2.128486711438838e-11
 6695.327034883283 2.1293294537187472e-11
 6696.443798449174 2.1299635790700063e-11
 6697.560562015065  2.130880738615074e-11
 6698.677325580957 2.1327398128297603e-11
 6699.794089146848  2.134282966562166e-11
 6700.910852712739 2.1352779813383693e-11
  6702.02761627863  2.136321004155045e-11
 6703.144379844522 2.1372646976661677e-11
 6704.261143410413 2.1377895564586868e-11
 6705.377906976304 2.1387556214318362e-11
 6706.494670542195  2.139342775724497e-11
6707.6114341080865  2.140564685383347e-11
 6708.728197673978 2.1415226580445198e-11
 6709.844961239869 2.1414296740041376e-11
  6710.96172480576 2.1418909539612648e-11
6712.0784883716515  2.142271369149305e-11
 6713.195251937543  2.142348742495786e-11
 6714.312015503434  2.142415349193115e-11
 6715.428779069325 2.1410515026618395e-11
 6716.545542635216 2.1404476328972506e-11
 6717.662306201108 2.1404086019483165e-11
 6718.779069766999 2.1393988130100038e-11
  6719.89583333289  2.139008329294139e-11
 6721.012596898781   2.13878568818922e-11
 6722.129360464673 2.1379952301263618e-11
 6723.246124030564  2.137570207497578e-11
 6724.362887596455 2.1365850059393767e-11
 6725.479651162346  2.136107363057757e-11
6726.5964147282375  2.136060231387496e-11
 6727.713178294129 2.1353129662204557e-11
  6728.82994186002  2.134573495604882e-11
 6729.946705425911  2.133949675344316e-11
 6731.063468991802 2.1333823834348897e-11
 6732.180232557694 2.1341887771957997e-11
 6733.296996123585 2.1341616163521312e-11
 6734.413759689476  2.133843941649948e-11
 6735.530523255367 2.1344170359685315e-11
 6736.647286821259 2.1344379765148453e-11
  6737.76405038715  2.134264310694256e-11
 6738.880813953041  2.135140544086366e-11
 6739.997577518932  2.135079932243081e-11
6741.1143410848235 2.1354772463278258e-11
 6742.231104650715 2.1354236635298904e-11
 6743.347868216606  2.135923596874452e-11
 6744.464631782497  2.136486893918822e-11
6745.5813953483885 2.1365937671152707e-11
  6746.69815891428 2.1371062648664912e-11
 6747.814922480171 2.1381790037137586e-11
 6748.931686046062 2.1386088821547684e-11
 6750.048449611953  2.138710514735659e-11
 6751.165213177845  2.138565069276609e-11
 6752.281976743736 2.1392055113467263e-11
 6753.398740309627 2.1397888933646348e-11
 6754.515503875518   2.14005207809831e-11
  6755.63226744141 2.1402870967283822e-11
 6756.749031007301 2.1412756363752928e-11
 6757.865794573192 2.1420582108421156e-11
 6758.982558139083  2.143686148837198e-11
6760.0993217049745 2.1438503394794237e-11
 6761.216085270866 2.1446751253133445e-11
 6762.332848836757  2.145629376644018e-11
 6763.449612402648  2.146556889224231e-11
 6764.566375968539 2.1473042956602367e-11
 6765.683139534431 2.1474783408953816e-11
 6766.799903100322 2.1487034147480088e-11
 6767.916666666213  2.150035235766062e-11
 6769.033430232104 2.1503680952132446e-11
 6770.150193797996 2.1515820198986498e-11
 6771.266957363887 2.1533178111352574e-11
 6772.383720929778 2.1538508256164377e-11
 6773.500484495669 2.1548417860127168e-11
6774.6172480615605  2.155277913272244e-11
 6775.734011627452 2.1557426600626662e-11
 6776.850775193343 2.1566099004517986e-11
 6777.967538759234 2.1568410499166118e-11
6779.0843023251255 2.1581404266897878e-11
 6780.201065891017 2.1594556729621697e-11
 6781.317829456908  2.159942232748992e-11
 6782.434593022799  2.161427277795137e-11
  6783.55135658869 2.1623542170715982e-11
 6784.668120154582 2.1637289489962943e-11
 6785.784883720473 2.1654199029773996e-11
 6786.901647286364 2.1657944949753982e-11
 6788.018410852255  2.166548576498395e-11
 6789.135174418147 2.1682271740733914e-11
 6790.251937984038 2.1692126217900858e-11
 6791.368701549929 2.1712079353955237e-11
  6792.48546511582   2.17239892933409e-11
6793.6022286817115  2.173922729321016e-11
 6794.718992247603  2.175497535508878e-11
 6795.835755813494 2.1761445015956816e-11
 6796.952519379385  2.177495837553526e-11
 6798.069282945276 2.1788048014241143e-11
 6799.186046511168 2.1797955323910545e-11
 6800.302810077059 2.1809409827865426e-11
  6801.41957364295 2.1819981802268473e-11
 6802.536337208841 2.1832433448124502e-11
 6803.653100774733 2.1847052785768373e-11
 6804.769864340624  2.185305592876353e-11
 6805.886627906515 2.1869706150195393e-11
 6807.003391472406 2.1879154605382926e-11
6808.1201550382975 2.1888991500934492e-11
 6809.236918604189 2.1903141068837916e-11
  6810.35368217008 2.1913948235589542e-11
 6811.470445735971 2.1932944009056757e-11
6812.5872093018625 2.1951991121653758e-11
 6813.703972867754  2.196081471084655e-11
 6814.820736433645 2.1971643943218434e-11
 6815.937499999536 2.1989419378000063e-11
 6817.054263565427 2.2009361363941743e-11
 6818.171027131319 2.2021560524653392e-11
  6819.28779069721  2.203530980646972e-11
 6820.404554263101  2.205347536384554e-11
 6821.521317828992  2.207697309804148e-11
 6822.638081394884 2.2082075696682197e-11
 6823.754844960775  2.210095586521244e-11
 6824.871608526666 2.2106997884988614e-11
 6825.988372092557  2.212010799813543e-11
6827.1051356584485 2.2137574240477656e-11
  6828.22189922434  2.214643645243406e-11
 6829.338662790231 2.2159588795445966e-11
 6830.455426356122 2.2174240583638146e-11
 6831.572189922013 2.2186670465976734e-11
 6832.688953487905 2.2199910198180275e-11
 6833.805717053796 2.2208948503920048e-11
 6834.922480619687 2.2224142870609807e-11
 6836.039244185578 2.2237844835696206e-11
  6837.15600775147  2.224654907485048e-11
 6838.272771317361 2.2261481300454156e-11
 6839.389534883252 2.2278004839336062e-11
 6840.506298449143  2.229051425116461e-11
6841.6230620150345  2.231345052167241e-11
 6842.739825580926   2.23237752050255e-11
 6843.856589146817  2.234164882034583e-11
 6844.973352712708 2.2362516966912552e-11
 6846.090116278599  2.237810088281464e-11
 6847.206879844491 2.2393586548566968e-11
 6848.323643410382 2.2414035104690023e-11
 6849.440406976273  2.243012324849908e-11
 6850.557170542164 2.2446619437392875e-11
 6851.673934108056 2.2459818056919443e-11
 6852.790697673947  2.247142656518342e-11
 6853.907461239838 2.2486071913381846e-11
 6855.024224805729 2.2493391736441078e-11
 6856.140988371621 2.2505774661141164e-11
 6857.257751937512  2.251678974880407e-11
 6858.374515503403 2.2511349239929855e-11
 6859.491279069294  2.249815854698153e-11
6860.6080426351855 2.2504174697890566e-11
 6861.724806201077  2.251004210267174e-11
 6862.841569766968 2.2522095545953015e-11
 6863.958333332859  2.253514904721953e-11
  6865.07509689875  2.254920260647126e-11
 6866.191860464642 2.2561438640996138e-11
 6867.308624030533  2.257509872374725e-11
 6868.425387596424 2.2593591893300676e-11
 6869.542151162315 2.2613362407264703e-11
 6870.658914728207 2.2634410265639325e-11
 6871.775678294098 2.2656735468424547e-11
 6872.892441859989 2.2680338015620363e-11
  6874.00920542588  2.270521790722678e-11
6875.1259689917715  2.274648626437944e-11
 6876.242732557663  2.280060416773508e-11
 6877.359496123554  2.282531722952983e-11
 6878.476259689445 2.2846764721534905e-11
 6879.593023255336 2.2873873239437998e-11
 6880.709786821228 2.2900980845031267e-11
 6881.826550387119  2.292808753831471e-11
  6882.94331395301  2.295662619111813e-11
 6884.060077518901 2.2982809846672523e-11
 6885.176841084793 2.3011254654231713e-11
 6886.293604650684 2.3040747313264158e-11
 6887.410368216575 2.3067468909664197e-11
 6888.527131782466 2.3095343701861153e-11
 6889.643895348358 2.3123034372974362e-11
 6890.760658914249 2.3150651913729577e-11
  6891.87742248014 2.3178196324126797e-11
 6892.994186046031 2.3205667604166027e-11
6894.1109496119225 2.3235345301766163e-11
 6895.227713177814 2.3268215438797974e-11
 6896.344476743705  2.329535141957378e-11
 6897.461240309596 2.3321365665008166e-11
 6898.578003875487 2.3353460932977988e-11
 6899.694767441379 2.3382191499800038e-11
  6900.81153100727  2.340740932412415e-11
 6901.928294573161 2.3431431998686466e-11
 6903.045058139052 2.3453759108226372e-11
 6904.161821704944 2.3478209566849515e-11
 6905.278585270835 2.3502320005478396e-11
 6906.395348836726 2.3526777528519332e-11
 6907.512112402617  2.354798704839585e-11
6908.6288759685085  2.356827050614469e-11
   6909.7456395344 2.3587627901765847e-11
 6910.862403100291  2.359931955656285e-11
 6911.979166666182 2.3622137797588586e-11
 6913.095930232073 2.3638419061492807e-11
 6914.212693797965 2.3654829748918618e-11
 6915.329457363856 2.3664167101989173e-11
 6916.446220929747  2.367444397255789e-11
 6917.562984495638  2.368959535874391e-11
  6918.67974806153 2.3702687518557296e-11
 6919.796511627421 2.3710300686424458e-11
 6920.913275193312 2.3718841932168734e-11
 6922.030038759203 2.3728117191894755e-11
6923.1468023250945  2.374182787538315e-11
 6924.263565890986  2.375764845820552e-11
 6925.380329456877 2.3768791550015016e-11
 6926.497093022768   2.37745772691507e-11
6927.6138565886595 2.3795507820612335e-11
 6928.730620154551  2.380526446430155e-11
 6929.847383720442  2.381495480678597e-11
 6930.964147286333 2.3819435062467286e-11
 6932.080910852224 2.3825857214432288e-11
 6933.197674418116 2.3836719376527194e-11
 6934.314437984007 2.3848614006136997e-11
 6935.431201549898 2.3861541103261706e-11
 6936.547965115789 2.3874333827623326e-11
 6937.664728681681 2.3885929876479226e-11
 6938.781492247572 2.3893918570814442e-11
 6939.898255813463 2.3895161000222338e-11
 6941.015019379354 2.3893713955624632e-11
6942.1317829452455  2.388798975088492e-11
 6943.248546511137 2.3977905253628963e-11
 6944.365310077028  2.391098168946571e-11
 6945.482073642919  2.392422963151281e-11
  6946.59883720881 2.3920319770182026e-11
 6947.715600774702 2.3915094212346073e-11
 6948.832364340593  2.388357619914933e-11
 6949.949127906484 2.3917664879729363e-11
 6951.065891472375 2.3919005948155952e-11
 6952.182655038267  2.392034701658254e-11
 6953.299418604158  2.392168808500913e-11
 6954.416182170049  2.392302915343572e-11
  6955.53294573594 2.3924370221862308e-11
6956.6497093018315 2.3925711290288897e-11
 6957.766472867723 2.3927052358715486e-11
 6958.883236433614 2.3928393427142075e-11
 6959.999999999505 2.3929734495568664e-11
