# 0.470
19.661 0
28.219 0
37.095 0
45.906 0
54.123 0
62.956 0
72.106 0
80.205 0
89.472 0
97.638 0
106.506 0
115.118 0
124.033 0
132.566 0
141.557 0
150.262 0
158.393 0
167.147 0
175.838 0
184.544 0
193.352 0
202.068 0
210.696 0
219.477 0
228.038 0
236.964 0
245.303 0
254.226 0
262.937 0
271.415 0
280.343 0
289.459 0
297.850 0
306.472 0
315.216 0
323.761 0
332.682 0
350.002 0
358.616 0
367.334 0
376.147 0
384.768 0
393.640 0
402.261 0
411.099 0
420.011 0
428.586 0
437.361 0
446.263 0
454.752 0
463.513 0
472.542 0
480.905 0
489.837 0
498.547 0
507.604 0
516.034 0
525.137 0
533.710 0
542.272 0
551.034 0
559.913 0
568.439 0
577.399 0
586.124 0
594.833 0
603.588 0
612.243 0
620.964 0
629.842 0
638.541 0
647.364 0
656.215 0
665.068 0
673.740 0
691.346 0
700.037 0
708.869 0
718.178 0
726.689 0
735.590 0
744.402 0
752.973 0
762.042 0
770.652 0
779.618 0
788.251 0
796.964 0
806.249 0
814.775 0
823.419 0
832.385 0
841.282 0
850.126 0
858.800 0
867.966 0
876.813 0
885.584 0
894.559 0
903.520 0
912.055 0
921.257 0
930.046 0
938.991 0
947.744 0
956.527 0
965.657 0
974.367 0
983.299 0
992.192 0
1001.174 0
1009.962 0
