# 0.470
4.287 0
10.975 0
17.725 0
24.458 0
31.197 0
37.938 0
44.685 0
51.443 0
58.134 0
64.877 0
71.535 0
85.173 0
91.954 0
98.581 0
105.178 0
112.101 0
118.759 0
125.495 0
132.217 0
138.986 0
145.725 0
152.498 0
159.156 0
165.910 0
172.513 0
179.261 0
186.084 0
192.721 0
199.531 0
206.199 0
213.034 0
219.693 0
233.217 0
239.958 0
246.565 0
253.374 0
260.141 0
266.882 0
273.613 0
280.342 0
287.105 0
293.875 0
300.607 0
307.330 0
314.151 0
320.898 0
327.605 0
334.402 0
341.133 0
347.841 0
354.617 0
361.411 0
368.197 0
374.878 0
388.363 0
395.022 0
401.833 0
408.641 0
415.370 0
422.160 0
428.903 0
435.701 0
442.440 0
449.195 0
456.014 0
462.696 0
469.495 0
476.303 0
483.021 0
489.793 0
496.618 0
503.339 0
510.139 0
516.966 0
523.659 0
537.218 0
544.011 0
550.854 0
557.539 0
564.375 0
571.301 0
577.876 0
584.828 0
591.510 0
598.347 0
605.161 0
611.883 0
618.708 0
625.460 0
632.294 0
639.106 0
645.865 0
652.665 0
659.472 0
666.335 0
673.107 0
679.912 0
693.510 0
700.363 0
707.148 0
714.002 0
720.802 0
727.641 0
734.461 0
741.322 0
748.107 0
754.957 0
761.728 0
768.604 0
775.462 0
782.313 0
789.133 0
795.995 0
802.793 0
809.672 0
816.512 0
823.424 0
830.221 0
843.939 0
850.725 0
857.602 0
864.461 0
871.364 0
878.223 0
885.002 0
891.943 0
898.810 0
905.653 0
912.577 0
919.440 0
926.346 0
933.229 0
940.072 0
946.997 0
953.852 0
960.705 0
967.646 0
974.511 0
981.428 0
988.369 0
