# 0.470
28.963 0
37.939 0
46.615 0
55.761 0
64.557 0
73.569 0
82.287 0
91.160 0
100.065 0
109.172 0
117.626 0
126.776 0
135.535 0
144.601 0
153.272 0
161.916 0
171.102 0
179.906 0
188.614 0
197.648 0
206.341 0
215.114 0
224.008 0
233.044 0
241.702 0
250.572 0
259.244 0
268.098 0
276.894 0
285.763 0
294.579 0
303.296 0
312.030 0
320.968 0
338.576 0
356.142 0
365.084 0
373.820 0
382.640 0
391.461 0
400.146 0
408.871 0
417.686 0
426.352 0
435.295 0
443.961 0
452.721 0
461.392 0
470.272 0
479.053 0
487.785 0
496.417 0
505.302 0
514.007 0
522.726 0
531.446 0
539.987 0
549.002 0
557.566 0
566.422 0
575.117 0
583.848 0
592.553 0
601.241 0
609.991 0
618.750 0
627.537 0
636.294 0
644.955 0
653.734 0
662.408 0
671.142 0
679.754 0
688.776 0
697.333 0
706.024 0
714.751 0
723.358 0
732.179 0
740.746 0
749.491 0
758.398 0
766.974 0
775.641 0
784.284 0
793.055 0
802.042 0
810.495 0
819.278 0
827.886 0
836.679 0
845.252 0
854.286 0
862.697 0
871.543 0
880.031 0
888.879 0
897.608 0
906.237 0
914.951 0
923.629 0
932.246 0
940.882 0
949.803 0
958.458 0
967.199 0
975.733 0
984.552 0
993.132 0
1001.761 0
1010.504 0
1019.102 0
