# 0.470
20.664 0
29.486 0
38.532 0
47.287 0
56.327 0
65.154 0
74.255 0
83.047 0
91.899 0
100.831 0
109.584 0
118.518 0
127.367 0
136.207 0
145.223 0
153.979 0
162.865 0
171.746 0
180.569 0
189.363 0
198.415 0
207.214 0
216.063 0
224.872 0
233.715 0
242.701 0
251.499 0
260.345 0
269.139 0
277.972 0
286.803 0
295.691 0
304.351 0
313.194 0
322.042 0
330.804 0
339.689 0
357.094 0
365.946 0
374.721 0
383.635 0
392.325 0
401.196 0
409.920 0
418.756 0
427.507 0
436.213 0
444.958 0
453.638 0
462.360 0
471.147 0
479.979 0
488.651 0
497.491 0
506.174 0
515.008 0
523.738 0
532.477 0
541.324 0
550.031 0
558.881 0
567.623 0
576.396 0
585.072 0
593.808 0
602.642 0
611.279 0
620.166 0
628.825 0
637.542 0
646.238 0
655.047 0
663.774 0
672.403 0
681.088 0
698.497 0
707.254 0
715.961 0
724.522 0
733.303 0
742.034 0
750.730 0
759.444 0
768.172 0
776.857 0
785.687 0
794.384 0
803.062 0
811.709 0
820.521 0
829.207 0
837.896 0
846.632 0
855.187 0
864.130 0
872.828 0
881.378 0
890.055 0
898.676 0
907.583 0
916.258 0
924.945 0
933.703 0
942.174 0
950.985 0
959.641 0
968.408 0
977.033 0
985.723 0
994.482 0
1003.006 0
1011.734 0
