# 0.470
14.719 0
23.460 0
32.068 0
40.798 0
49.485 0
58.157 0
66.909 0
75.589 0
84.385 0
92.984 0
101.650 0
110.325 0
119.068 0
127.785 0
136.503 0
145.242 0
153.724 0
162.562 0
171.188 0
180.093 0
188.633 0
197.269 0
206.064 0
214.802 0
223.298 0
231.951 0
240.811 0
249.527 0
258.096 0
266.932 0
275.672 0
284.367 0
293.091 0
301.821 0
310.519 0
319.107 0
327.811 0
345.303 0
353.979 0
362.815 0
371.512 0
380.266 0
389.005 0
397.661 0
406.397 0
415.216 0
423.918 0
432.648 0
441.312 0
449.998 0
458.839 0
467.547 0
476.360 0
485.039 0
493.749 0
502.399 0
511.141 0
519.870 0
528.554 0
537.492 0
546.169 0
554.849 0
563.794 0
572.637 0
581.210 0
590.045 0
598.754 0
607.646 0
616.328 0
625.047 0
633.760 0
642.517 0
651.468 0
660.232 0
668.972 0
686.535 0
695.337 0
704.035 0
713.003 0
721.713 0
730.528 0
739.257 0
748.147 0
757.210 0
765.786 0
774.604 0
783.451 0
792.154 0
801.077 0
809.878 0
818.688 0
827.539 0
836.340 0
845.153 0
853.925 0
862.772 0
871.616 0
880.546 0
889.502 0
898.220 0
907.079 0
916.032 0
925.135 0
933.810 0
942.689 0
951.540 0
960.440 0
969.323 0
978.233 0
987.125 0
996.105 0
1004.994 0
