# 0.470
19.977 0
28.724 0
37.284 0
46.043 0
54.681 0
63.517 0
72.225 0
80.960 0
89.586 0
98.288 0
106.874 0
115.665 0
124.408 0
133.117 0
141.882 0
150.562 0
159.123 0
167.862 0
176.491 0
185.324 0
194.067 0
202.775 0
211.495 0
220.120 0
228.779 0
237.508 0
246.218 0
254.890 0
263.650 0
272.335 0
280.943 0
289.622 0
298.401 0
307.140 0
315.631 0
324.421 0
333.237 0
350.622 0
359.318 0
368.164 0
376.874 0
385.610 0
394.310 0
403.069 0
411.884 0
420.475 0
429.220 0
438.034 0
446.707 0
455.467 0
464.213 0
472.949 0
481.710 0
490.471 0
499.168 0
508.147 0
516.617 0
525.324 0
534.040 0
542.851 0
551.427 0
560.319 0
569.064 0
577.840 0
586.561 0
595.177 0
603.994 0
612.688 0
621.409 0
630.227 0
639.050 0
647.706 0
656.796 0
665.401 0
674.203 0
691.816 0
700.518 0
709.309 0
718.222 0
726.998 0
735.841 0
744.670 0
753.371 0
762.287 0
771.087 0
779.924 0
788.734 0
797.464 0
806.554 0
815.220 0
824.012 0
832.805 0
841.630 0
850.414 0
859.348 0
868.183 0
877.199 0
885.917 0
894.784 0
903.516 0
912.416 0
921.284 0
930.091 0
939.123 0
947.904 0
956.666 0
965.691 0
974.457 0
983.514 0
992.216 0
1001.211 0
1010.021 0
