# 0.470
26.608 0
35.730 0
44.671 0
53.483 0
62.523 0
71.068 0
80.194 0
89.165 0
97.850 0
106.837 0
115.789 0
124.635 0
133.257 0
142.260 0
151.242 0
159.970 0
168.797 0
177.708 0
186.600 0
195.327 0
204.041 0
213.126 0
221.957 0
230.565 0
239.483 0
248.338 0
257.127 0
265.822 0
274.942 0
283.614 0
292.399 0
301.441 0
310.097 0
318.839 0
327.834 0
336.480 0
345.316 0
362.798 0
371.535 0
380.559 0
389.277 0
397.953 0
406.643 0
415.552 0
424.305 0
432.949 0
441.677 0
450.296 0
459.328 0
468.029 0
476.830 0
485.637 0
494.267 0
503.051 0
511.809 0
520.453 0
529.309 0
537.844 0
546.705 0
555.537 0
564.111 0
572.918 0
581.696 0
590.321 0
599.191 0
607.951 0
616.560 0
625.183 0
634.134 0
642.737 0
651.502 0
660.310 0
668.953 0
677.887 0
686.535 0
704.012 0
712.640 0
721.261 0
729.946 0
738.645 0
747.321 0
756.063 0
764.665 0
773.508 0
782.311 0
791.011 0
799.755 0
808.493 0
817.041 0
825.695 0
834.437 0
843.103 0
851.826 0
860.676 0
869.323 0
877.938 0
886.652 0
895.252 0
903.959 0
912.619 0
921.338 0
930.146 0
938.727 0
947.354 0
956.008 0
964.655 0
973.473 0
982.265 0
990.853 0
999.643 0
1008.272 0
1016.853 0
