# 0.470
13.629 0
22.215 0
30.701 0
39.551 0
48.144 0
56.973 0
65.650 0
74.382 0
83.045 0
91.697 0
100.331 0
109.102 0
117.783 0
126.599 0
135.186 0
144.000 0
152.550 0
161.139 0
169.837 0
178.666 0
187.388 0
196.076 0
204.724 0
213.455 0
221.926 0
230.689 0
239.484 0
248.180 0
256.912 0
265.561 0
274.244 0
282.963 0
291.584 0
300.360 0
308.905 0
317.616 0
326.347 0
343.781 0
352.508 0
361.113 0
369.950 0
378.632 0
387.252 0
396.013 0
404.770 0
413.468 0
422.209 0
430.990 0
439.668 0
448.422 0
457.227 0
465.889 0
474.608 0
483.342 0
492.050 0
500.721 0
509.420 0
518.310 0
526.997 0
535.671 0
544.483 0
553.239 0
561.963 0
570.669 0
579.460 0
588.124 0
596.853 0
605.641 0
614.319 0
623.059 0
631.787 0
640.413 0
649.386 0
658.186 0
666.959 0
684.501 0
693.215 0
701.934 0
710.827 0
719.726 0
728.357 0
737.100 0
745.798 0
754.877 0
763.531 0
772.277 0
781.169 0
790.068 0
798.857 0
807.686 0
816.463 0
825.159 0
834.129 0
842.959 0
851.693 0
860.623 0
869.461 0
878.231 0
887.118 0
895.782 0
904.728 0
913.608 0
922.369 0
931.262 0
940.150 0
948.941 0
957.863 0
966.651 0
975.635 0
984.373 0
993.327 0
1002.234 0
