# 0.470
4.348 0
13.040 0
21.987 0
30.542 0
39.216 0
47.966 0
56.771 0
65.312 0
74.088 0
82.666 0
91.261 0
99.944 0
108.757 0
117.264 0
126.255 0
135.054 0
143.548 0
152.267 0
160.990 0
169.417 0
178.407 0
187.132 0
195.707 0
204.517 0
213.108 0
221.826 0
230.556 0
239.249 0
247.933 0
256.773 0
265.462 0
274.101 0
282.835 0
291.608 0
300.316 0
308.814 0
317.406 0
326.278 0
335.090 0
343.583 0
352.595 0
361.099 0
369.802 0
378.645 0
387.341 0
396.170 0
404.989 0
413.453 0
422.230 0
431.164 0
439.684 0
448.556 0
457.377 0
466.050 0
474.923 0
483.695 0
492.427 0
501.067 0
509.771 0
518.627 0
527.407 0
536.018 0
544.961 0
562.238 0
580.004 0
588.698 0
597.430 0
606.333 0
614.848 0
623.770 0
632.535 0
641.333 0
650.244 0
658.863 0
667.722 0
676.298 0
685.424 0
694.004 0
702.872 0
711.747 0
720.406 0
729.250 1
738.310 0
747.024 0
755.806 0
764.787 0
773.431 0
782.291 0
791.165 0
800.068 0
808.791 0
817.607 0
826.446 0
835.354 0
844.156 0
853.003 0
861.919 0
870.677 0
879.429 0
888.400 0
897.324 0
906.206 0
915.072 0
923.876 0
932.863 0
941.664 0
950.540 0
959.343 0
968.303 0
977.257 0
985.882 0
995.074 0
