# 0.470
24.545 0
33.386 0
42.431 0
51.284 0
60.208 0
69.033 0
78.055 0
86.775 0
95.620 0
104.587 0
113.420 0
122.418 0
131.219 0
140.061 0
148.985 0
157.771 0
166.676 0
175.610 0
184.357 0
193.116 0
201.993 0
210.883 0
219.654 0
228.377 0
237.338 0
246.083 0
254.909 0
263.738 0
272.405 0
281.502 0
290.293 0
299.069 0
307.879 0
316.687 0
325.423 0
334.454 0
343.114 0
360.725 0
369.489 0
378.253 0
387.075 0
395.797 0
404.595 0
413.262 0
422.079 0
430.795 0
439.567 0
448.304 0
457.095 0
465.771 0
474.593 0
483.357 0
492.085 0
500.785 0
509.522 0
518.281 0
526.983 0
535.742 0
544.317 0
553.258 0
561.906 0
570.634 0
579.413 0
588.256 0
596.960 0
605.722 0
614.394 0
623.143 0
631.860 0
640.553 0
649.215 0
657.994 0
666.747 0
675.533 0
684.163 0
701.691 0
710.304 0
719.050 0
727.616 0
736.291 0
744.983 0
753.699 0
762.405 0
771.086 0
779.884 0
788.560 0
797.279 0
805.945 0
814.381 0
823.268 0
831.952 0
840.683 0
849.277 0
858.040 0
866.761 0
875.373 0
884.042 0
892.835 0
901.492 0
910.267 0
919.020 0
927.660 0
936.360 0
944.906 0
953.538 0
962.355 0
971.007 0
979.824 0
988.472 0
997.137 0
1005.729 0
1014.388 0
