# 0.470
28.447 0
37.246 0
45.848 0
54.584 0
63.310 0
71.969 0
80.570 0
89.468 0
97.896 0
106.647 0
115.325 0
124.155 0
132.715 0
141.787 0
150.220 0
158.967 0
167.449 0
176.113 0
185.142 0
194.001 0
202.448 0
211.100 0
219.938 0
228.577 0
237.301 0
245.758 0
254.618 0
263.461 0
271.927 0
280.836 0
289.511 0
298.395 0
306.972 0
315.509 0
324.056 0
333.037 0
341.609 0
359.154 0
367.942 0
376.583 0
385.162 0
394.047 0
402.709 0
411.398 0
420.320 0
428.985 0
437.769 0
446.467 0
455.189 0
464.064 0
472.714 0
481.209 0
490.119 0
498.900 0
507.396 0
516.430 0
525.222 0
533.865 0
542.592 0
551.467 0
560.096 0
568.988 0
577.405 0
586.403 0
595.226 0
604.020 0
612.646 0
621.568 0
630.153 0
638.971 0
647.713 0
656.386 0
665.452 0
674.193 0
682.945 0
700.174 0
709.090 0
718.080 0
727.043 0
735.614 0
744.519 0
753.357 0
761.859 0
770.920 0
779.453 0
788.353 0
797.398 0
806.269 0
815.137 0
823.921 0
832.685 0
841.542 0
850.425 0
859.220 0
867.754 0
876.756 0
885.856 0
894.570 0
903.305 0
912.242 0
921.041 0
930.013 0
938.794 0
947.716 0
956.680 0
965.317 0
974.407 0
983.160 0
992.184 0
1001.071 0
1009.911 0
1018.765 0
