# 0.470
16.065 0
24.835 0
33.386 0
42.056 0
50.946 0
59.669 0
68.249 0
76.873 0
85.676 0
94.340 0
102.980 0
111.629 0
120.454 0
129.230 0
137.764 0
146.530 0
155.117 0
163.888 0
172.617 0
181.361 0
189.976 0
198.687 0
207.385 0
216.072 0
224.715 0
233.296 0
242.157 0
250.740 0
259.590 0
268.257 0
276.991 0
285.578 0
294.442 0
303.051 0
311.733 0
320.328 0
329.100 0
346.604 0
355.306 0
364.147 0
372.798 0
381.635 0
390.204 0
399.029 0
407.659 0
416.434 0
425.245 0
434.022 0
442.603 0
451.412 0
460.133 0
468.912 0
477.680 0
486.439 0
495.100 0
503.862 0
512.577 0
521.471 0
530.165 0
538.889 0
547.699 0
556.306 0
565.186 0
573.794 0
582.773 0
591.495 0
600.230 0
608.915 0
617.677 0
626.455 0
635.175 0
644.044 0
653.057 0
661.608 0
670.365 0
688.105 0
696.884 0
705.669 0
714.507 0
723.410 0
732.098 0
740.938 0
749.817 0
758.692 0
767.494 0
776.261 0
785.005 0
793.866 0
802.689 0
811.488 0
820.348 0
829.303 0
838.061 0
846.794 0
855.633 0
864.536 0
873.479 0
882.286 0
891.192 0
900.008 0
908.891 0
917.772 0
926.589 0
935.511 0
944.336 0
953.251 0
962.209 0
971.103 0
979.985 0
988.733 0
997.832 0
1006.627 0
