# 0.470
24.184 0
33.014 0
41.629 0
50.264 0
59.025 0
67.607 0
76.458 0
85.076 0
93.752 0
102.372 0
111.076 0
119.783 0
128.448 0
137.223 0
145.851 0
154.627 0
163.183 0
171.823 0
180.517 0
189.189 0
197.962 0
206.659 0
215.348 0
223.977 0
232.601 0
241.181 0
249.882 0
258.639 0
267.327 0
276.063 0
284.796 0
293.545 0
302.173 0
310.858 0
319.476 0
328.216 0
336.943 0
345.587 0
363.097 0
371.828 0
380.580 0
389.189 0
397.944 0
406.682 0
415.424 0
424.116 0
432.843 0
441.589 0
450.234 0
459.020 0
467.716 0
476.394 0
485.244 0
493.913 0
502.648 0
511.442 0
520.150 0
528.757 0
537.517 0
546.290 0
554.989 0
563.755 0
572.526 0
581.194 0
589.905 0
598.695 0
607.525 0
616.199 0
624.966 0
633.682 0
642.458 0
651.291 0
660.101 0
668.892 0
677.625 0
695.158 0
704.005 0
712.749 0
721.699 0
730.398 0
739.095 0
747.917 0
756.767 0
765.526 0
774.262 0
783.080 0
791.877 0
800.640 0
809.573 0
818.386 0
827.174 0
835.954 0
844.755 0
853.554 0
862.333 0
871.213 0
880.109 0
888.915 0
897.878 0
906.590 0
915.366 0
924.428 0
933.184 0
942.178 0
950.928 0
959.764 0
968.709 0
977.624 0
986.552 0
995.345 0
1004.225 0
1013.082 0
