# 0.470
19.170 0
28.056 0
36.670 0
45.296 0
53.975 0
62.637 0
71.431 0
80.140 0
88.806 0
97.379 0
105.916 0
114.827 0
123.512 0
132.364 0
140.892 0
149.610 0
158.208 0
166.907 0
175.562 0
184.278 0
193.128 0
201.646 0
210.552 0
219.272 0
227.854 0
236.493 0
245.082 0
253.875 0
262.625 0
271.224 0
279.957 0
288.671 0
297.336 0
305.945 0
314.788 0
323.455 0
332.193 0
349.418 0
358.216 0
366.978 0
375.741 0
384.411 0
393.122 0
402.087 0
410.816 0
419.386 0
428.230 0
436.693 0
445.488 0
454.456 0
463.036 0
471.729 0
480.590 0
489.350 0
498.036 0
506.993 0
515.410 0
524.199 0
532.882 0
541.598 0
550.324 0
559.182 0
567.666 0
576.648 0
585.383 0
594.019 0
602.818 0
611.604 0
620.363 0
629.077 0
637.667 0
646.561 0
655.532 0
664.191 0
672.849 0
690.524 0
699.352 0
708.007 0
717.016 0
725.653 0
734.735 0
743.422 0
752.086 0
760.976 0
769.929 0
778.625 0
787.343 0
796.240 0
805.083 0
813.958 0
822.699 0
831.484 0
840.409 0
849.227 0
858.104 0
867.128 0
875.375 1
884.507 0
893.577 0
902.327 0
911.161 0
919.944 0
928.883 0
937.730 0
946.658 0
955.468 0
964.491 0
973.441 0
982.191 0
991.039 0
1000.146 0
1008.878 0
