# 0.470
14.226 0
23.200 0
31.567 0
40.304 0
49.008 0
57.733 0
66.575 0
75.301 0
83.881 0
92.508 0
101.172 0
109.775 0
118.540 0
127.266 0
136.015 0
144.789 0
153.344 0
161.981 0
170.756 0
179.425 0
188.176 0
196.799 0
205.595 0
214.295 0
222.879 0
231.523 0
240.137 0
249.001 0
257.629 0
266.310 0
274.978 0
283.753 0
292.387 0
301.162 0
309.731 0
318.349 0
327.165 0
344.508 0
353.379 0
361.971 0
370.750 0
379.473 0
388.200 0
396.804 0
405.648 0
414.269 0
423.007 0
431.848 0
440.488 0
449.284 0
457.947 0
466.717 0
475.433 0
484.215 0
492.943 0
501.668 0
510.289 0
519.113 0
527.688 0
536.590 0
545.283 0
554.110 0
562.672 0
571.419 0
580.029 0
588.866 0
597.583 0
606.327 0
614.967 0
623.928 0
632.671 0
641.501 0
650.283 0
658.971 0
667.826 0
685.358 0
694.131 0
702.800 0
711.628 0
720.627 0
729.305 0
737.951 0
746.882 0
755.762 0
764.441 0
773.369 0
782.114 0
790.760 0
799.753 0
808.511 0
817.275 0
826.129 0
835.067 0
843.895 0
852.589 0
861.516 0
870.220 0
879.099 0
887.937 0
896.642 0
905.327 0
914.200 0
923.060 0
932.166 0
940.811 0
949.652 0
958.577 0
967.400 0
976.322 0
985.078 0
994.181 0
1002.968 0
