# 0.470
21.986 0
30.755 0
39.317 0
48.087 0
56.726 0
65.440 0
74.213 0
82.898 0
91.490 0
100.147 0
108.915 0
117.584 0
126.255 0
134.986 0
143.681 0
152.317 0
160.985 0
169.644 0
178.253 0
186.995 0
195.753 0
204.419 0
213.067 0
221.804 0
230.382 0
239.083 0
247.799 0
256.472 0
265.198 0
273.921 0
282.646 0
291.386 0
300.063 0
308.707 0
317.360 0
326.083 0
334.741 0
352.235 0
360.901 0
369.601 0
378.330 0
387.070 0
395.777 0
404.506 0
413.194 0
421.950 0
430.704 0
439.412 0
448.094 0
456.914 0
465.574 0
474.275 0
482.964 0
491.695 0
500.388 0
509.211 0
517.890 0
526.598 0
535.365 0
544.165 0
552.769 0
561.645 0
570.421 0
579.121 0
587.887 0
596.614 0
605.341 0
614.204 0
622.827 0
631.598 0
640.442 0
649.144 0
657.961 0
666.775 0
675.512 0
693.197 0
701.919 0
710.623 0
719.513 0
728.357 0
737.117 0
745.938 0
754.659 0
763.459 0
772.394 0
781.142 0
789.953 0
798.606 0
807.615 0
816.351 0
825.130 0
833.877 0
842.830 0
851.602 0
860.432 0
869.338 0
878.149 0
886.968 0
895.913 0
904.670 0
913.486 0
922.527 0
931.398 0
940.288 0
949.097 0
957.848 0
966.893 0
975.716 0
984.711 0
993.465 0
1002.391 0
1011.298 0
