# 0.470
46.701 0
53.570 0
60.517 0
67.137 0
74.017 0
80.792 0
87.627 0
94.462 0
101.300 0
108.067 0
114.991 0
121.876 0
128.691 0
135.446 0
142.271 0
149.144 0
155.959 0
162.694 0
169.596 0
176.380 0
183.255 0
189.986 0
203.591 0
210.335 0
217.109 0
224.013 0
230.838 0
237.596 0
244.479 0
251.245 0
258.043 0
264.814 0
271.653 0
278.387 0
285.288 0
292.023 0
298.738 0
305.555 0
312.357 0
319.085 0
325.873 0
332.663 0
339.465 0
352.946 0
359.785 0
366.473 0
373.269 0
380.048 0
386.834 0
393.648 0
400.341 0
407.117 0
413.801 0
420.579 0
427.327 0
434.100 0
440.820 0
447.571 0
454.315 0
461.084 0
467.831 0
474.637 0
481.241 0
488.048 0
494.933 0
508.292 0
515.019 0
521.718 0
528.499 0
535.183 0
541.911 0
548.799 0
555.411 0
562.224 0
568.901 0
575.621 0
582.373 0
589.158 0
595.815 0
602.559 0
609.290 0
616.008 0
622.641 0
629.330 0
636.162 0
642.843 0
656.180 0
662.873 0
669.597 0
676.283 0
682.975 0
689.821 0
696.430 0
703.169 0
709.899 0
716.506 0
723.258 0
730.111 0
736.742 0
743.417 0
750.250 0
756.965 0
763.484 0
770.105 0
776.942 0
783.743 0
790.448 0
797.081 0
810.381 0
817.293 0
824.055 0
830.661 0
837.133 0
843.981 0
850.664 0
857.360 0
864.086 0
870.768 0
877.308 0
884.029 0
890.921 0
897.330 0
904.011 0
910.762 0
917.374 0
924.101 0
930.822 0
937.503 0
944.125 0
957.632 0
964.162 0
970.861 0
977.551 0
984.234 0
990.949 0
997.669 0
1004.201 0
1011.372 0
1018.165 0
1024.869 0
