# 0.470
18.323 0
26.975 0
35.562 0
44.196 0
52.996 0
61.747 0
70.338 0
79.064 0
87.775 0
96.310 0
104.964 0
113.706 0
122.445 0
131.090 0
139.787 0
148.557 0
157.007 0
165.698 0
174.482 0
183.149 0
191.825 0
200.487 0
209.201 0
217.937 0
226.384 0
235.088 0
243.799 0
252.529 0
261.255 0
269.889 0
278.550 0
287.310 0
295.998 0
304.562 0
313.250 0
321.964 0
330.647 0
348.069 0
356.743 0
365.450 0
374.165 0
382.921 0
391.602 0
400.273 0
409.003 0
417.692 0
426.410 0
435.208 0
443.900 0
452.638 0
461.334 0
469.984 0
478.778 0
487.428 0
496.214 0
504.874 0
513.562 0
522.287 0
531.075 0
539.730 0
548.432 0
557.227 0
565.942 0
574.685 0
583.365 0
592.083 0
600.826 0
609.628 0
618.352 0
627.009 0
635.865 0
644.519 0
653.317 0
662.107 0
670.869 0
688.385 0
697.065 0
705.866 0
714.738 0
723.518 0
732.399 0
741.031 0
749.891 0
758.741 0
767.544 0
776.318 0
785.058 0
793.817 0
802.864 0
811.504 0
820.225 0
829.024 0
838.073 0
846.705 0
855.555 0
864.357 0
873.110 0
882.019 0
890.906 0
899.756 0
908.506 0
917.511 0
926.126 0
935.237 0
943.892 0
952.585 0
961.723 0
970.501 0
979.399 0
988.329 0
997.316 0
1006.057 0
