# 0.470
17.036 0
25.764 0
34.316 0
42.998 0
51.756 0
60.436 0
69.213 0
77.844 0
86.530 0
95.174 0
103.904 0
112.680 0
121.306 0
129.998 0
138.692 0
147.406 0
155.959 0
164.728 0
173.329 0
182.051 0
190.780 0
199.477 0
208.161 0
216.958 0
225.456 0
234.175 0
242.805 0
251.457 0
260.223 0
268.922 0
277.699 0
286.407 0
295.079 0
303.778 0
312.393 0
321.083 0
329.749 0
347.179 0
355.892 0
364.656 0
373.363 0
382.117 0
390.951 0
399.528 0
408.273 0
417.010 0
425.712 0
434.442 0
443.211 0
451.968 0
460.654 0
469.367 0
478.092 0
486.855 0
495.575 0
504.271 0
513.045 0
521.780 0
530.516 0
539.222 0
547.905 0
556.708 0
565.406 0
574.180 0
582.844 0
591.642 0
600.393 0
609.177 0
617.859 0
626.700 0
635.407 0
644.221 0
653.090 0
661.870 0
670.576 0
688.058 0
696.867 0
705.674 0
714.595 0
723.357 0
732.106 0
740.852 0
749.662 0
758.642 0
767.372 0
776.216 0
784.878 0
793.731 0
802.551 0
811.309 0
820.203 0
828.921 0
837.773 0
846.713 0
855.385 0
864.282 0
873.184 0
881.920 0
890.856 0
899.659 0
908.435 0
917.424 0
926.247 0
935.189 0
943.997 0
952.782 0
961.794 0
970.611 0
979.646 0
988.386 0
997.405 0
1006.187 0
