# 0.470
22.417 0
30.996 0
39.961 0
48.860 0
57.788 0
66.619 0
75.512 0
84.475 0
93.223 0
102.064 0
110.845 0
119.968 0
128.619 0
137.484 0
146.323 0
155.101 0
163.886 0
172.869 0
181.645 0
190.398 0
199.388 0
208.101 0
216.820 0
225.555 0
234.544 0
243.321 0
252.072 0
260.814 0
269.503 0
278.434 0
287.253 0
295.948 0
304.719 0
313.508 0
322.411 0
331.110 0
339.802 0
357.303 0
366.132 0
374.889 0
383.737 0
392.456 0
401.237 0
410.189 0
418.722 0
427.414 0
436.209 0
444.927 0
453.479 0
462.324 0
471.072 0
479.746 0
488.501 0
497.275 0
505.983 0
514.797 0
523.434 0
532.174 0
540.879 0
549.543 0
558.282 0
567.065 0
575.611 0
584.473 0
593.210 0
601.852 0
610.552 0
619.261 0
627.971 0
636.658 0
645.370 0
654.213 0
662.805 0
671.577 0
680.226 0
697.617 0
706.339 0
715.013 0
723.553 0
732.175 0
740.928 0
749.625 0
758.325 0
766.898 0
775.729 0
784.503 0
793.032 0
801.751 0
810.216 0
818.978 0
827.716 0
836.447 0
845.191 0
853.845 0
862.545 0
871.192 0
879.865 0
888.500 0
897.122 0
905.739 0
914.513 0
923.333 0
931.808 0
940.389 0
949.101 0
957.798 0
966.537 0
975.157 0
983.969 0
992.534 0
1001.092 0
1009.967 0
