# 0.470
20.372 0
29.221 0
38.148 0
46.924 0
55.989 0
64.837 0
73.785 0
82.667 0
91.439 0
100.520 0
109.346 0
118.272 0
126.976 0
135.796 0
144.781 0
153.484 0
162.240 0
171.298 0
180.168 0
188.797 0
197.681 0
206.538 0
215.380 0
224.056 0
233.091 0
241.848 0
250.562 0
259.602 0
268.201 0
277.087 0
286.024 0
294.813 0
303.623 0
312.267 0
321.288 0
330.089 0
338.888 0
356.350 0
365.198 0
374.051 0
382.815 0
391.657 0
400.576 0
409.137 0
417.924 0
426.724 0
435.454 0
444.285 0
452.997 0
461.787 0
470.491 0
479.256 0
488.022 0
496.693 0
505.444 0
514.216 0
522.934 0
531.553 0
540.368 0
549.138 0
557.867 0
566.804 0
575.508 0
584.264 0
592.873 0
601.675 0
610.393 0
619.179 0
627.890 0
636.595 0
645.305 0
654.041 0
662.731 0
671.514 0
680.285 0
697.720 0
706.322 0
715.089 0
723.775 0
732.291 0
741.131 0
749.764 0
758.557 0
767.298 0
775.948 0
784.601 0
793.335 0
802.051 0
810.603 0
819.397 0
828.011 0
836.670 0
845.393 0
854.189 0
862.872 0
871.528 0
880.262 0
888.896 0
897.537 0
906.322 0
914.901 0
923.564 0
932.328 0
940.898 0
949.629 0
958.339 0
967.064 0
975.691 0
984.483 0
993.165 0
1001.740 0
1010.412 0
