# 0.470
29.385 0
38.274 0
47.261 0
56.123 0
65.036 0
73.900 0
82.945 0
91.797 0
100.521 0
109.550 0
118.280 0
127.315 0
136.136 0
144.850 0
153.778 0
162.726 0
171.455 0
180.467 0
189.268 0
198.037 0
207.039 0
215.782 0
224.592 0
233.374 0
242.262 0
251.040 0
259.830 0
268.715 0
277.452 0
286.360 0
295.170 0
304.069 0
312.785 0
321.546 0
330.541 0
339.202 0
348.009 0
365.507 0
374.394 0
383.013 0
392.017 0
400.786 0
409.547 0
418.239 0
426.982 0
435.774 0
444.491 0
453.338 0
462.083 0
470.720 0
479.537 0
488.307 0
497.072 0
505.773 0
514.492 0
523.294 0
531.948 0
540.746 0
549.499 0
558.277 0
566.892 0
575.704 0
584.485 0
593.247 0
601.986 0
610.595 0
619.433 0
628.117 0
636.791 0
645.516 0
654.239 0
662.989 0
671.748 0
680.542 0
689.140 0
706.658 0
715.363 0
724.034 0
732.652 0
741.320 0
750.023 0
758.792 0
767.527 0
776.223 0
784.961 0
793.607 0
802.273 0
811.063 0
819.668 0
828.275 0
837.049 0
845.667 0
854.390 0
863.155 0
871.861 0
880.566 0
889.114 0
897.871 0
906.536 0
915.232 0
923.938 0
932.709 0
941.366 0
949.933 0
958.635 0
967.360 0
975.966 0
984.750 0
993.447 0
1002.126 0
1010.678 0
1019.440 0
