# 0.470
18.897 0
27.609 0
36.231 0
44.979 0
53.723 0
62.354 0
71.168 0
79.840 0
88.590 0
97.147 0
105.948 0
114.612 0
123.343 0
132.030 0
140.812 0
149.460 0
158.041 0
166.801 0
175.544 0
184.264 0
192.843 0
201.651 0
210.342 0
219.082 0
227.710 0
236.455 0
245.190 0
253.905 0
262.625 0
271.290 0
279.925 0
288.684 0
297.453 0
306.237 0
314.711 0
323.498 0
332.218 0
349.612 0
358.449 0
367.217 0
375.885 0
384.700 0
393.420 0
402.123 0
410.928 0
419.643 0
428.345 0
437.151 0
445.883 0
454.614 0
463.328 0
472.153 0
480.827 0
489.565 0
498.312 0
507.067 0
515.816 0
524.519 0
533.289 0
542.058 0
550.866 0
559.575 0
568.404 0
577.005 0
585.724 0
594.660 0
603.371 0
612.068 0
620.982 0
629.598 0
638.351 0
647.106 0
655.977 0
664.816 0
673.645 0
691.149 0
699.947 0
708.787 0
717.700 0
726.254 0
735.250 0
744.077 0
752.722 0
761.732 0
770.501 0
779.374 0
788.180 0
796.951 0
805.869 0
814.720 0
823.534 0
832.332 0
841.300 0
850.089 0
858.900 0
867.659 0
876.542 0
885.249 0
894.114 0
902.994 0
911.882 0
920.859 0
929.705 0
938.545 0
947.467 0
956.262 0
965.171 0
974.141 0
982.961 0
991.808 0
1000.837 0
1009.760 0
