# 0.470
25.336 0
34.147 0
43.097 0
51.888 0
60.721 0
69.488 0
78.489 0
87.298 0
96.172 0
105.023 0
113.729 0
122.658 0
131.461 0
140.189 0
149.048 0
157.839 0
166.706 0
175.528 0
184.235 0
193.040 0
201.898 0
210.743 0
219.370 0
228.385 0
237.203 0
245.964 0
254.759 0
263.536 0
272.254 0
281.064 0
289.716 0
298.588 0
307.333 0
316.064 0
324.904 0
333.655 0
342.315 0
359.761 0
368.540 0
377.287 0
386.127 0
394.828 0
403.554 0
412.353 0
420.982 0
429.677 0
438.395 0
447.110 0
455.758 0
464.447 0
473.096 0
481.764 0
490.479 0
499.193 0
508.062 0
516.722 0
525.402 0
533.985 0
542.765 0
551.548 0
560.342 0
568.967 0
577.610 0
586.387 0
595.059 0
603.680 0
612.410 0
621.073 0
629.737 0
638.366 0
647.086 0
655.811 0
664.481 0
673.136 0
681.820 0
699.165 0
707.824 0
716.467 0
725.057 0
733.764 0
742.344 0
751.025 0
759.621 0
768.269 0
776.986 0
785.645 0
794.320 0
803.028 0
811.500 0
820.259 0
828.828 0
837.482 0
846.164 0
854.947 0
863.559 0
872.242 0
880.753 0
889.455 0
898.094 0
906.750 0
915.430 0
924.166 0
932.709 0
941.236 0
949.907 0
958.593 0
967.277 0
975.864 0
984.536 0
993.145 0
1001.774 0
1010.438 0
