# 0.470
29.812 0
38.382 0
47.340 0
56.058 0
65.111 0
73.704 0
82.570 0
91.652 0
100.048 0
108.919 0
117.800 0
126.829 0
135.487 0
144.409 0
153.200 0
162.027 0
170.653 0
179.542 0
188.468 0
197.356 0
206.130 0
214.989 0
223.795 0
232.485 0
241.334 0
250.120 0
258.711 0
267.340 0
276.133 0
284.972 0
293.890 0
302.637 0
311.450 0
320.082 0
328.998 0
337.642 0
346.314 0
364.123 0
372.633 0
381.306 0
390.331 0
398.857 0
407.517 0
416.362 0
425.060 0
433.769 0
442.654 0
451.203 0
459.922 0
468.433 0
477.392 0
486.092 0
494.785 0
503.457 0
512.049 0
520.803 0
529.439 0
538.361 0
546.822 0
555.540 0
564.249 0
572.971 0
581.638 0
590.417 0
599.246 0
608.049 0
616.436 0
625.321 0
633.974 0
642.662 0
651.349 0
660.132 0
668.783 0
677.360 0
686.090 0
703.428 0
712.190 0
720.870 0
729.362 0
738.208 0
746.651 0
755.401 0
764.135 0
772.644 0
781.412 0
790.218 0
798.705 0
807.558 0
816.031 0
824.571 0
833.349 0
841.911 0
850.487 0
859.316 0
867.989 0
876.706 0
885.130 0
893.849 0
902.516 0
911.177 0
919.835 0
928.683 0
937.191 0
945.652 0
954.526 0
963.060 0
971.584 0
980.381 0
989.024 0
997.746 0
1006.097 0
1014.756 0
