# 0.470
17.174 0
25.895 0
34.487 0
43.293 0
51.764 0
60.622 0
69.335 0
77.879 0
86.624 0
95.014 0
103.861 0
112.427 0
121.135 0
129.726 0
138.392 0
146.987 0
155.655 0
164.273 0
172.859 0
181.634 0
190.306 0
198.974 0
207.673 0
216.210 0
224.811 0
233.573 0
242.003 0
250.621 0
259.309 0
267.970 0
276.805 0
285.454 0
294.266 0
302.641 0
311.135 0
319.989 0
328.562 0
345.894 0
354.820 0
363.364 0
372.098 0
380.711 0
389.469 0
398.061 0
406.890 0
415.642 0
424.193 0
432.948 0
441.532 0
450.252 0
458.921 0
467.605 0
476.486 0
484.912 0
493.868 0
502.422 0
511.069 0
519.715 0
528.429 0
537.007 0
545.760 0
554.564 0
563.290 0
571.914 0
580.740 0
589.378 0
598.036 0
606.680 0
615.375 0
624.350 0
633.081 0
641.759 0
650.536 0
659.267 0
667.870 0
685.567 0
694.205 0
702.837 0
711.668 0
720.450 0
729.067 0
737.981 0
746.638 0
755.685 0
764.158 0
773.029 0
781.793 0
790.508 0
799.355 0
808.097 0
817.090 0
825.532 0
834.399 0
843.178 0
851.823 0
860.783 0
869.521 0
878.265 0
887.094 0
895.742 0
904.775 0
913.717 0
922.339 0
931.155 0
940.095 0
948.663 0
957.751 0
966.697 0
975.520 0
984.315 0
993.213 0
1001.840 0
