# 0.470
21.304 0
30.258 0
39.113 0
48.115 0
56.946 0
66.001 0
75.005 0
83.778 0
92.763 0
101.813 0
110.136 0
119.449 0
128.248 0
137.030 0
145.818 0
154.522 0
163.597 0
172.316 0
181.312 0
190.069 0
198.978 0
207.864 0
216.880 0
225.620 0
234.545 0
243.175 0
251.374 0
261.084 0
269.616 0
278.452 0
287.161 0
296.246 0
305.002 0
313.671 0
322.636 0
331.462 0
340.359 0
357.863 0
366.674 0
374.962 0
384.543 0
392.779 0
401.703 0
410.589 0
419.313 0
428.010 0
436.990 0
445.562 0
454.530 0
463.051 0
472.129 0
480.719 0
489.471 0
498.024 0
506.937 0
515.770 0
524.098 0
533.529 0
542.110 0
550.760 0
559.480 0
568.173 0
576.947 0
585.847 0
594.246 0
603.151 0
611.927 0
620.644 0
629.464 0
638.063 0
646.659 0
655.786 0
664.565 0
672.948 0
681.677 0
699.170 0
708.069 0
716.669 0
725.201 0
733.923 0
742.757 0
751.336 0
760.105 0
769.036 0
777.580 0
786.100 0
795.318 0
803.797 0
812.117 0
821.532 0
829.668 0
838.413 0
847.296 0
856.016 0
864.513 0
873.441 0
881.982 0
890.527 0
899.351 0
907.983 0
916.992 0
925.408 0
934.209 0
942.756 0
951.732 0
960.177 0
969.221 0
977.546 0
986.529 0
994.924 0
1003.513 0
1012.140 0
