# 0.470
22.254 0
31.145 0
39.850 0
48.519 0
57.054 0
65.796 0
74.463 0
83.316 0
92.077 0
100.483 0
109.038 0
117.725 0
126.600 0
135.116 0
143.725 0
152.378 0
161.113 0
169.803 0
178.715 0
187.179 0
195.874 0
204.603 0
213.485 0
222.056 0
230.488 0
239.152 0
247.769 0
256.459 0
265.355 0
273.988 0
282.578 0
291.381 0
300.113 0
308.813 0
317.300 0
326.105 0
334.957 0
352.175 0
361.055 0
369.585 0
378.451 0
387.066 0
396.011 0
404.601 0
413.080 0
421.847 0
430.232 0
439.390 0
448.142 0
456.824 0
465.407 0
474.175 0
482.913 0
491.618 0
500.314 0
509.160 0
518.025 0
526.572 0
535.474 0
543.754 0
552.628 0
561.508 0
570.196 0
578.873 0
587.541 0
596.233 0
605.030 0
613.499 0
622.579 0
631.322 0
640.070 0
648.720 0
657.461 0
666.414 0
675.138 0
692.578 0
701.633 0
710.121 0
719.135 0
727.899 0
736.527 0
745.276 0
754.298 0
763.170 0
771.955 0
780.731 0
789.457 0
798.036 0
807.128 0
815.893 0
824.643 0
833.486 0
842.180 0
851.033 0
859.789 0
868.924 0
877.579 0
886.421 0
895.194 0
903.904 0
912.765 0
921.740 0
930.634 0
939.449 0
948.299 0
957.099 0
966.166 0
974.791 0
983.825 0
992.713 0
1001.647 0
1010.522 0
