# 0.470
19.430 0
28.197 0
36.853 0
45.507 0
54.234 0
62.907 0
71.650 0
80.306 0
88.959 0
97.590 0
106.363 0
115.054 0
123.756 0
132.461 0
141.169 0
149.801 0
158.367 0
167.133 0
175.909 0
184.600 0
193.249 0
201.922 0
210.702 0
219.346 0
228.002 0
236.767 0
245.382 0
254.025 0
262.811 0
271.599 0
280.273 0
288.854 0
297.540 0
306.354 0
314.939 0
323.647 0
332.414 0
349.934 0
358.671 0
367.432 0
376.049 0
384.748 0
393.607 0
402.304 0
410.946 0
419.695 0
428.381 0
437.128 0
445.922 0
454.589 0
463.473 0
472.099 0
480.774 0
489.479 0
498.277 0
506.956 0
515.811 0
524.391 0
533.274 0
542.091 0
550.746 0
559.391 0
568.586 0
576.961 0
585.684 0
594.509 0
603.196 0
612.081 0
621.073 0
629.573 0
638.216 0
647.223 0
655.888 0
664.606 0
673.567 0
691.032 0
699.859 0
708.691 0
717.646 0
726.471 0
735.198 0
743.939 0
752.704 0
761.741 0
770.240 0
779.237 0
788.130 0
796.823 0
805.801 0
814.386 0
823.289 0
832.010 0
840.990 0
849.915 0
858.484 0
867.501 0
876.394 0
885.177 0
894.006 0
902.904 0
911.753 0
920.730 0
929.635 0
938.464 0
947.297 0
956.207 0
965.185 0
974.060 0
982.825 0
991.790 0
1000.701 0
1009.679 0
