# 0.470
11.063 0
17.657 0
24.413 0
31.091 0
37.781 0
44.398 0
51.092 0
57.815 0
64.505 0
71.248 0
77.807 0
91.222 0
97.950 0
104.633 0
111.324 0
117.985 0
124.678 0
131.373 0
138.003 0
144.696 0
151.397 0
158.143 0
164.782 0
171.502 0
178.202 0
184.938 0
191.603 0
198.256 0
204.948 0
211.652 0
218.399 0
225.001 0
238.453 0
245.147 0
251.792 0
258.530 0
265.214 0
271.913 0
278.597 0
285.344 0
292.028 0
298.743 0
305.380 0
312.123 0
318.783 0
325.548 0
332.136 0
338.900 0
345.641 0
352.296 0
359.003 0
365.691 0
372.411 0
379.132 0
392.548 0
399.231 0
405.924 0
412.653 0
419.348 0
426.073 0
432.779 0
439.566 0
446.203 0
452.914 0
459.710 0
466.380 0
473.050 0
479.921 0
486.550 0
493.295 0
499.993 0
506.754 0
513.503 0
520.251 0
526.995 0
540.396 0
547.136 0
553.921 0
560.609 0
567.366 0
574.141 0
580.831 0
587.613 0
594.309 0
601.032 0
607.811 0
614.500 0
621.310 0
628.043 0
634.807 0
641.565 0
648.302 0
655.086 0
661.780 0
668.560 0
675.292 0
682.137 0
695.583 0
702.435 0
709.185 0
715.969 0
722.665 0
729.467 0
736.239 0
743.060 0
749.772 0
756.580 0
763.366 0
770.188 0
776.917 0
783.756 0
790.496 0
797.348 0
804.101 0
810.915 0
817.658 0
824.508 0
831.292 0
844.842 0
851.627 0
858.497 0
865.269 0
872.119 0
878.794 0
885.627 0
892.538 0
899.352 0
906.068 0
912.928 0
919.718 0
926.580 0
933.342 0
940.154 0
947.043 0
953.861 0
960.641 0
967.575 0
974.370 0
981.161 0
988.161 0
