# 0.470
22.392 0
31.158 0
39.762 0
48.283 0
57.152 0
65.941 0
74.539 0
83.214 0
91.998 0
100.486 0
109.266 0
117.868 0
126.611 0
135.172 0
143.997 0
152.514 0
161.060 0
169.947 0
178.569 0
187.083 0
195.871 0
204.617 0
213.329 0
221.991 0
230.612 0
239.193 0
247.951 0
256.600 0
265.415 0
274.010 0
282.749 0
291.592 0
300.197 0
308.894 0
317.492 0
326.296 0
335.012 0
352.335 0
361.086 0
369.817 0
378.533 0
387.305 0
395.987 0
404.614 0
413.351 0
422.180 0
430.732 0
439.544 0
448.313 0
457.020 0
465.624 0
474.464 0
483.205 0
491.799 0
500.493 0
509.185 0
517.902 0
526.713 0
535.266 0
544.056 0
552.778 0
561.714 0
570.389 0
579.105 0
587.917 0
596.623 0
605.412 0
614.119 0
622.910 0
631.603 0
640.330 0
649.151 0
657.977 0
666.774 0
675.665 0
693.260 0
701.982 0
710.686 0
719.578 0
728.400 0
736.980 0
745.937 0
754.578 0
763.511 0
772.262 0
781.011 0
789.981 0
798.520 0
807.373 0
816.156 0
824.918 0
833.779 0
842.686 0
851.594 0
860.215 0
869.253 0
878.084 0
886.927 0
895.819 0
904.555 0
913.474 0
922.321 0
931.160 0
940.123 0
948.875 0
957.796 0
966.779 0
975.730 0
984.520 0
993.326 0
1002.276 0
1011.125 0
