# 0.470
23.415 0
32.263 0
41.178 0
50.080 0
58.962 0
67.839 0
76.842 0
85.650 0
94.531 0
103.412 0
112.156 0
121.225 0
130.007 0
138.833 0
147.690 0
156.509 0
165.380 0
174.393 0
183.151 0
192.056 0
200.908 0
209.683 0
218.362 0
227.259 0
236.128 0
244.963 0
253.669 0
262.642 0
271.206 0
280.248 0
288.906 0
297.835 0
306.550 0
315.329 0
324.269 0
332.897 0
341.764 0
359.397 0
368.139 0
376.836 0
385.733 0
394.516 0
403.194 0
412.036 0
420.786 0
429.503 0
438.283 0
447.027 0
455.805 0
464.521 0
473.291 0
482.061 0
490.743 0
499.554 0
508.367 0
517.016 0
525.733 0
534.482 0
543.329 0
551.997 0
560.592 0
569.393 0
578.234 0
586.852 0
595.764 0
604.394 0
613.287 0
621.934 0
630.590 0
639.332 0
648.034 0
656.864 0
665.511 0
674.266 0
682.924 0
700.474 0
709.138 0
717.737 0
726.392 0
735.110 0
743.859 0
752.407 0
761.420 0
769.974 0
778.619 0
787.467 0
796.388 0
804.915 0
813.486 0
822.280 0
830.819 0
839.648 0
848.125 0
857.083 0
865.799 0
874.489 0
883.134 0
891.758 0
900.476 0
909.239 0
917.912 0
926.615 0
935.360 0
943.979 0
952.714 0
961.356 0
970.014 0
978.731 0
987.379 0
996.076 0
1004.672 0
1013.238 0
