# 0.470
28.821 0
37.736 0
46.621 0
55.380 0
64.490 0
73.265 0
82.214 0
91.112 0
99.829 0
108.842 0
117.708 0
126.621 0
135.491 0
144.211 0
153.220 0
161.882 0
170.772 0
179.623 0
188.506 0
197.439 0
206.256 0
215.039 0
223.901 0
232.719 0
241.617 0
250.363 0
259.199 0
268.231 0
276.758 0
285.732 0
294.590 0
303.465 0
312.086 0
320.770 0
329.819 0
338.473 0
347.303 0
364.749 0
373.641 0
382.412 0
391.210 0
400.142 0
408.825 0
417.607 0
426.384 0
435.235 0
443.901 0
452.799 0
461.421 0
470.115 0
478.923 0
487.686 0
496.388 0
505.065 0
513.872 0
522.695 0
531.409 0
540.125 0
548.882 0
557.631 0
566.323 0
575.086 0
583.762 0
592.497 0
601.261 0
610.112 0
618.932 0
627.702 0
636.466 0
645.259 0
653.845 0
662.456 0
671.195 0
679.897 0
688.602 0
706.140 0
714.862 0
723.532 0
732.149 0
740.840 0
749.541 0
758.266 0
767.046 0
775.662 0
784.463 0
793.163 0
801.920 0
810.622 0
819.202 0
827.952 0
836.746 0
845.339 0
854.056 0
862.750 0
871.507 0
880.268 0
888.811 0
897.402 0
906.178 0
914.910 0
923.582 0
932.343 0
941.044 0
949.609 0
958.409 0
967.018 0
975.769 0
984.485 0
993.220 0
1001.923 0
1010.512 0
1019.180 0
