# 0.470
20.576 0
29.349 0
37.960 0
46.633 0
55.395 0
64.007 0
72.759 0
81.512 0
90.342 0
98.883 0
107.467 0
116.240 0
124.961 0
133.680 0
142.333 0
151.035 0
159.667 0
168.339 0
177.089 0
185.769 0
194.462 0
203.221 0
211.825 0
220.574 0
229.280 0
237.889 0
246.537 0
255.337 0
263.988 0
272.704 0
281.500 0
290.203 0
298.973 0
307.609 0
316.226 0
324.899 0
333.640 0
351.128 0
359.871 0
368.561 0
377.279 0
386.068 0
394.719 0
403.422 0
412.191 0
420.982 0
429.723 0
438.474 0
447.173 0
455.922 0
464.684 0
473.359 0
482.076 0
490.779 0
499.524 0
508.248 0
517.068 0
525.763 0
534.544 0
543.402 0
551.929 0
560.628 0
569.469 0
578.429 0
586.968 0
595.815 0
604.641 0
613.272 0
622.092 0
630.766 0
639.580 0
648.354 0
657.272 0
665.999 0
674.829 0
692.372 0
701.157 0
709.890 0
718.840 0
727.601 0
736.296 0
745.014 0
754.022 0
762.863 0
771.612 0
780.424 0
789.225 0
797.964 0
806.792 0
815.558 0
824.397 0
833.318 0
842.227 0
850.955 0
859.685 0
868.583 0
877.363 0
886.242 0
895.273 0
904.040 0
912.817 0
921.892 0
930.575 0
939.598 0
948.400 0
957.322 0
966.251 0
975.157 0
984.055 0
992.794 0
1001.739 0
1010.699 0
