# 0.470
30.504 0
39.378 0
48.279 0
56.998 0
66.099 0
75.016 0
83.795 0
92.780 0
101.366 0
110.352 0
119.235 0
128.261 0
137.020 0
145.777 0
154.793 0
163.688 0
172.497 0
181.430 0
190.131 0
198.845 0
207.633 0
216.810 0
225.429 0
234.167 0
243.142 0
251.850 0
260.746 0
269.397 0
278.141 0
286.929 0
295.949 0
304.901 0
313.603 0
322.194 0
331.111 0
340.150 0
348.585 0
366.077 0
374.945 0
383.566 0
392.448 0
401.363 0
410.178 0
419.052 0
427.538 0
436.315 0
444.995 0
453.971 0
462.635 0
471.367 0
480.003 0
488.964 0
497.580 0
506.428 0
515.233 0
523.831 0
532.622 0
541.243 0
550.134 0
558.877 0
567.579 0
576.317 0
585.145 0
593.579 0
602.646 0
611.176 0
619.830 0
628.713 0
637.476 0
646.168 0
654.870 0
663.581 0
672.364 0
681.029 0
689.518 0
706.985 0
715.771 0
724.392 0
733.093 0
741.768 0
750.517 0
759.108 0
767.842 0
776.569 0
785.385 0
794.006 0
802.734 0
811.541 0
820.002 0
828.582 0
837.522 0
846.027 0
854.770 0
863.396 0
872.123 0
880.786 0
889.478 0
898.165 0
906.868 0
915.526 0
924.207 0
932.987 0
941.745 0
950.200 0
959.079 0
967.648 0
976.376 0
985.062 0
993.746 0
1002.466 0
1011.022 0
1019.655 0
