# 0.470
30.155 0
38.937 0
47.872 0
56.734 0
65.738 0
74.576 0
83.471 0
92.452 0
101.058 0
109.918 0
118.834 0
127.783 0
136.442 0
145.347 0
154.338 0
163.202 0
171.670 0
180.632 0
189.431 0
198.310 0
207.183 0
215.916 0
224.621 0
233.517 0
242.350 0
250.994 0
259.765 0
268.705 0
277.524 0
286.383 0
295.134 0
303.977 0
312.751 0
321.631 0
330.550 0
339.204 0
348.046 0
365.504 0
374.441 0
383.024 0
391.952 0
400.662 0
409.497 0
418.101 0
426.912 0
435.650 0
444.401 0
453.205 0
461.810 0
470.616 0
479.391 0
488.199 0
496.818 0
505.640 0
514.414 0
523.083 0
531.692 0
540.456 0
549.180 0
557.915 0
566.519 0
575.408 0
583.994 0
592.834 0
601.729 0
610.208 0
618.978 0
627.761 0
636.471 0
645.186 0
653.891 0
662.650 0
671.336 0
680.087 0
688.789 0
706.260 0
714.933 0
723.572 0
732.225 0
740.856 0
749.540 0
758.276 0
767.063 0
775.610 0
784.395 0
793.082 0
801.799 0
810.613 0
819.064 0
827.762 0
836.549 0
845.263 0
853.817 0
862.600 0
871.271 0
880.053 0
888.588 0
897.252 0
905.940 0
914.632 0
923.325 0
931.988 0
940.731 0
949.310 0
958.104 0
966.627 0
975.354 0
984.091 0
992.757 0
1001.428 0
1009.900 0
1018.694 0
