# 0.470
27.545 0
36.295 0
45.310 0
54.231 0
63.152 0
71.921 0
80.902 0
89.805 0
98.595 0
107.587 0
116.283 0
125.249 0
134.132 0
143.003 0
152.027 0
160.842 0
169.544 0
178.477 0
187.411 0
196.086 0
205.143 0
213.884 0
222.749 0
231.458 0
240.450 0
249.104 0
257.958 0
266.668 0
275.547 0
284.489 0
293.373 0
302.049 0
310.857 0
319.588 0
328.557 0
337.335 0
346.112 0
363.686 0
372.517 0
381.324 0
390.335 0
398.851 0
407.747 0
416.538 0
425.238 0
434.009 0
442.783 0
451.649 0
460.289 0
469.057 0
477.900 0
486.463 0
495.276 0
504.011 0
512.761 0
521.515 0
530.304 0
538.997 0
547.705 0
556.570 0
565.093 0
573.854 0
582.609 0
591.337 0
600.118 0
608.772 0
617.530 0
626.245 0
634.942 0
643.855 0
652.453 0
661.297 0
669.917 0
678.702 0
687.392 0
704.789 0
713.571 0
722.238 0
730.871 0
739.592 0
748.245 0
756.879 0
765.697 0
774.489 0
783.196 0
791.874 0
800.551 0
809.211 0
817.811 0
826.577 0
835.267 0
843.958 0
852.719 0
861.372 0
870.063 0
878.914 0
887.492 0
896.240 0
904.901 0
913.681 0
922.341 0
931.034 0
939.792 0
948.424 0
957.146 0
965.892 0
974.455 0
983.218 0
991.971 0
1000.600 0
1009.211 0
1017.908 0
