# 0.470
31.782 0
40.612 0
49.437 0
58.308 0
67.230 0
76.042 0
84.886 0
93.822 0
102.721 0
111.576 0
120.341 0
129.136 0
138.002 0
146.921 0
155.796 0
164.674 0
173.500 0
182.436 0
191.079 0
199.917 0
208.623 0
217.691 0
226.442 0
235.230 0
244.163 0
252.764 0
261.646 0
270.454 0
278.962 0
287.823 0
296.765 0
305.535 0
314.198 0
323.115 0
331.947 0
340.837 0
358.459 0
367.082 0
375.970 0
384.607 0
393.242 0
402.313 0
410.957 0
419.623 0
428.470 0
437.148 0
445.999 0
454.774 0
463.423 0
471.981 0
480.953 0
489.718 0
498.375 0
506.986 0
515.753 0
524.333 0
533.330 0
541.964 0
550.641 0
559.243 0
567.855 0
576.690 0
585.275 0
594.007 0
602.833 0
611.282 0
620.270 0
628.815 0
637.583 0
646.471 0
654.996 0
663.786 0
672.682 0
681.206 0
690.017 0
707.374 0
716.171 0
724.839 0
733.392 0
742.057 0
750.771 0
759.467 0
768.182 0
776.852 0
785.505 0
794.184 0
802.929 0
811.572 0
820.178 0
828.777 0
837.566 0
846.224 0
854.843 0
863.632 0
872.339 0
880.997 0
889.639 0
898.315 0
906.891 0
915.632 0
924.296 0
932.995 0
941.710 0
950.345 0
959.110 0
967.768 0
976.371 0
985.132 0
993.788 0
1002.599 0
1011.059 0
1019.821 0
