# 0.470
26.809 0
35.669 0
44.634 0
53.497 0
62.401 0
71.296 0
80.212 0
89.077 0
97.825 0
106.732 0
115.624 0
124.540 0
133.280 0
142.149 0
151.147 0
159.828 0
168.608 0
177.665 0
186.458 0
195.085 0
204.130 0
212.841 0
221.846 0
230.649 0
239.454 0
248.129 0
257.063 0
265.745 0
274.633 0
283.452 0
292.362 0
301.041 0
310.008 0
318.640 0
327.458 0
336.289 0
345.125 0
362.526 0
371.371 0
380.108 0
388.954 0
397.782 0
406.450 0
415.290 0
423.979 0
432.678 0
441.627 0
450.347 0
458.950 0
467.635 0
476.510 0
485.180 0
493.885 0
502.708 0
511.449 0
520.160 0
528.925 0
537.593 0
546.279 0
555.064 0
563.834 0
572.555 0
581.218 0
590.029 0
598.667 0
607.399 0
616.147 0
624.965 0
633.577 0
642.316 0
651.088 0
659.748 0
668.454 0
677.130 0
685.831 0
703.337 0
712.106 0
720.706 0
729.349 0
737.948 0
746.677 0
755.472 0
764.125 0
772.792 0
781.516 0
790.261 0
798.944 0
807.591 0
816.218 0
824.904 0
833.599 0
842.337 0
850.969 0
859.720 0
868.394 0
877.109 0
885.759 0
894.429 0
903.043 0
911.716 0
920.486 0
929.107 0
937.816 0
946.379 0
955.052 0
963.763 0
972.455 0
981.016 0
989.818 0
998.493 0
1007.067 0
1015.780 0
