# 0.470
25.083 0
33.527 0
41.901 0
51.107 0
60.116 0
68.787 0
77.860 0
86.548 0
95.456 0
104.294 0
113.276 0
122.419 0
131.065 0
139.699 0
148.716 0
157.419 0
166.173 0
175.305 0
183.951 0
192.694 0
201.503 0
210.322 0
219.207 0
228.061 0
236.973 0
245.883 0
254.482 0
263.341 0
272.177 0
281.026 0
289.855 0
298.619 0
307.472 0
316.245 0
325.111 0
333.928 0
342.553 0
360.066 0
368.874 0
377.577 0
386.666 0
395.239 0
404.050 0
412.952 0
421.503 0
430.181 0
438.949 0
447.751 0
456.526 0
465.267 0
473.674 0
482.665 0
491.423 0
500.212 0
508.743 0
517.671 0
526.364 0
535.242 0
544.031 0
552.659 0
561.365 0
570.093 0
578.825 0
587.618 0
596.410 0
605.101 0
613.852 0
622.610 0
631.170 0
639.920 0
648.727 0
657.401 0
666.117 0
674.789 0
683.488 0
700.902 0
709.657 0
718.344 0
726.989 0
735.703 0
744.347 0
753.038 0
761.739 0
770.558 0
779.250 0
787.905 0
796.651 0
805.230 0
813.871 0
822.666 0
831.304 0
840.029 0
848.775 0
857.434 0
866.288 0
874.906 0
883.432 0
892.270 0
900.904 0
909.542 0
918.223 0
927.026 0
935.732 0
944.343 0
953.054 0
961.752 0
970.418 0
979.159 0
987.800 0
996.516 0
1005.137 0
1013.847 0
