# 0.470
36.507 0
45.289 0
54.137 0
63.080 0
72.029 0
80.812 0
89.700 0
98.708 0
107.338 0
116.130 0
125.089 0
134.034 0
142.820 0
151.753 0
160.580 0
169.194 0
178.306 0
187.078 0
195.773 0
204.672 0
213.556 0
222.465 0
230.865 0
239.872 0
248.744 0
257.711 0
266.494 0
275.217 0
283.990 0
293.030 0
301.701 0
310.674 0
319.355 0
327.921 0
336.849 0
345.562 0
354.408 0
371.789 0
380.730 0
389.477 0
398.254 0
407.021 0
415.847 0
424.592 0
433.245 0
442.071 0
451.101 0
459.629 0
468.353 0
477.067 0
485.751 0
494.583 0
503.386 0
512.024 0
520.834 0
529.706 0
538.346 0
547.130 0
555.768 0
564.544 0
573.361 0
582.053 0
590.804 0
599.556 0
608.197 0
616.923 0
625.887 0
634.482 0
643.090 0
651.944 0
660.628 0
669.350 0
678.160 0
686.932 0
695.544 0
713.221 0
721.626 0
730.528 0
738.977 0
747.689 0
756.416 0
765.247 0
773.899 0
782.579 0
791.172 0
800.153 0
808.738 0
817.313 0
826.124 0
834.721 0
843.456 0
852.158 0
860.947 0
869.667 0
878.263 0
886.965 0
895.565 0
904.253 0
912.976 0
921.655 0
930.347 0
939.299 0
947.776 0
956.569 0
965.000 0
973.790 0
982.528 0
991.111 0
999.938 0
1008.612 0
1017.105 0
1025.897 0
