# 0.470
29.336 0
38.286 0
47.075 0
55.811 0
64.745 0
73.547 0
82.447 0
91.401 0
100.199 0
109.119 0
117.915 0
126.800 0
135.549 0
144.394 0
153.483 0
162.223 0
170.975 0
180.015 0
188.731 0
197.667 0
206.356 0
215.127 0
224.099 0
232.711 0
241.756 0
250.462 0
259.223 0
267.935 0
276.607 0
285.620 0
294.446 0
303.364 0
312.174 0
320.862 0
329.805 0
338.545 0
347.347 0
364.664 0
373.436 0
382.152 0
391.133 0
399.710 0
408.636 0
417.339 0
426.041 0
434.776 0
443.552 0
452.361 0
460.952 0
469.775 0
478.490 0
487.256 0
496.003 0
504.670 0
513.553 0
522.236 0
530.867 0
539.452 0
548.291 0
557.053 0
565.859 0
574.585 0
583.259 0
591.992 0
600.786 0
609.645 0
618.276 0
626.939 0
635.691 0
644.299 0
653.127 0
661.773 0
670.540 0
679.260 0
687.817 0
705.581 0
714.068 0
722.845 0
731.477 0
740.144 0
748.755 0
757.499 0
766.280 0
774.903 0
783.634 0
792.382 0
800.965 0
809.701 0
818.217 0
826.889 0
835.565 0
844.450 0
853.275 0
861.675 0
870.536 0
879.091 0
887.580 0
896.284 0
905.009 0
913.869 0
922.630 0
931.425 0
939.979 0
948.716 0
957.274 0
965.941 0
974.588 0
983.319 0
991.922 0
1000.763 0
1009.313 0
1017.973 0
