# 0.470
21.424 0
29.966 0
38.500 0
47.255 0
56.048 0
64.776 0
73.367 0
82.166 0
90.841 0
99.471 0
108.048 0
116.791 0
125.495 0
134.222 0
142.851 0
151.572 0
160.234 0
168.968 0
177.587 0
186.384 0
195.085 0
203.609 0
212.379 0
220.957 0
229.693 0
238.317 0
247.111 0
255.673 0
264.409 0
273.243 0
281.756 0
290.702 0
299.293 0
308.005 0
316.618 0
325.361 0
333.954 0
351.631 0
360.178 0
369.039 0
377.616 0
386.412 0
395.131 0
403.856 0
412.482 0
421.340 0
430.006 0
438.641 0
447.483 0
456.120 0
464.844 0
473.574 0
482.307 0
491.041 0
499.709 0
508.474 0
517.245 0
525.889 0
534.633 0
543.354 0
552.066 0
560.829 0
569.665 0
578.371 0
587.135 0
595.991 0
604.628 0
613.453 0
622.170 0
630.894 0
639.713 0
648.451 0
657.441 0
666.035 0
674.779 0
692.372 0
701.180 0
709.906 0
718.884 0
727.607 0
736.345 0
745.244 0
753.962 0
762.816 0
771.433 0
780.322 0
789.166 0
797.933 0
806.804 0
815.682 0
824.363 0
833.195 0
842.244 0
850.878 0
859.830 0
868.604 0
877.498 0
886.220 0
895.256 0
904.246 0
912.897 0
921.901 0
930.664 0
939.578 0
948.539 0
957.311 0
966.282 0
975.175 0
984.163 0
992.952 0
1001.898 0
1010.760 0
