# 0.470
21.634 0
30.287 0
38.837 0
47.413 0
56.209 0
65.010 0
73.593 0
82.347 0
91.109 0
99.560 0
108.354 0
116.856 0
125.644 0
134.280 0
143.006 0
151.681 0
160.263 0
168.872 0
177.617 0
186.454 0
195.046 0
203.779 0
212.433 0
221.174 0
229.777 0
238.418 0
247.321 0
256.028 0
264.622 0
273.330 0
282.150 0
290.853 0
299.564 0
308.215 0
316.753 0
325.569 0
334.212 0
351.679 0
360.363 0
369.049 0
377.632 0
386.614 0
395.231 0
403.946 0
412.672 0
421.282 0
430.017 0
438.744 0
447.485 0
456.134 0
464.834 0
473.664 0
482.448 0
491.124 0
499.832 0
508.545 0
517.306 0
526.084 0
534.863 0
543.508 0
552.335 0
561.079 0
569.766 0
578.491 0
587.311 0
596.068 0
604.823 0
613.620 0
622.305 0
631.074 0
639.896 0
648.562 0
657.400 0
666.144 0
674.984 0
692.474 0
701.227 0
710.095 0
718.880 0
727.661 0
736.305 0
745.097 0
753.991 0
762.843 0
771.593 0
780.319 0
789.344 0
797.975 0
806.908 0
815.769 0
824.458 0
833.217 0
842.241 0
851.075 0
859.801 0
868.712 0
877.679 0
886.390 0
895.329 0
904.111 0
912.894 0
921.835 0
930.699 0
939.634 0
948.464 0
957.213 0
966.221 0
975.009 0
983.902 0
992.694 0
1001.690 0
1010.565 0
