# 0.470
14.072 0
22.832 0
31.389 0
40.244 0
48.776 0
57.731 0
66.369 0
75.035 0
83.828 0
92.227 0
101.097 0
109.721 0
118.485 0
127.098 0
135.772 0
144.440 0
153.177 0
161.743 0
170.384 0
179.255 0
187.921 0
196.665 0
205.372 0
213.949 0
222.650 0
231.404 0
239.848 0
248.490 0
257.243 0
265.889 0
274.824 0
283.455 0
292.355 0
300.767 0
309.302 0
318.180 0
326.785 0
344.150 0
353.126 0
361.721 0
370.532 0
379.148 0
387.980 0
396.580 0
405.473 0
414.196 0
422.791 0
431.568 0
440.219 0
448.927 0
457.684 0
466.432 0
475.348 0
483.770 0
492.750 0
501.341 0
510.086 0
518.806 0
527.539 0
536.104 0
544.940 0
553.796 0
562.505 0
571.244 0
580.097 0
588.757 0
597.465 0
606.120 0
614.859 0
623.868 0
632.667 0
641.390 0
650.180 0
658.978 0
667.582 0
685.334 0
694.050 0
702.716 0
711.555 0
720.380 0
729.053 0
737.957 0
746.648 0
755.733 0
764.235 0
773.175 0
781.956 0
790.688 0
799.603 0
808.361 0
817.386 0
825.888 0
834.773 0
843.640 0
852.306 0
861.312 0
870.113 0
878.887 0
887.708 0
896.424 0
905.457 0
914.413 0
923.143 0
931.986 0
940.978 0
949.604 0
958.706 0
967.530 0
976.531 0
985.391 0
994.288 0
1003.006 0
