# 0.470
40.511 0
49.389 0
58.109 0
67.223 0
75.924 0
84.931 0
93.761 0
102.462 0
111.496 0
120.271 0
129.388 0
137.992 0
146.584 0
155.578 0
164.431 0
173.170 0
182.109 0
191.000 0
199.673 0
208.590 0
217.420 0
226.084 0
234.805 0
243.734 0
252.736 0
261.409 0
270.172 0
278.685 0
287.856 0
296.708 0
305.288 0
314.329 0
323.368 0
331.994 0
349.230 0
366.795 0
375.395 0
384.456 0
393.216 0
401.976 0
410.812 0
419.432 0
428.198 0
436.914 0
445.717 0
454.641 0
463.245 0
471.949 0
480.798 0
489.405 0
498.210 0
506.825 0
515.478 0
524.302 0
532.719 0
541.672 0
550.307 0
559.210 0
567.680 0
576.503 0
585.226 0
594.003 0
602.693 0
611.327 0
620.133 0
628.575 0
637.388 0
646.287 0
655.038 0
663.651 0
672.459 0
681.054 0
689.789 0
698.627 0
707.139 0
716.038 0
724.776 0
733.460 0
741.950 0
750.462 0
759.305 0
767.912 0
776.718 0
785.345 0
794.368 0
802.874 0
811.548 0
820.069 0
828.734 0
837.776 0
846.129 0
854.911 0
863.538 0
872.348 0
881.223 0
889.591 0
898.338 0
906.875 0
915.689 0
924.394 0
932.886 0
941.691 0
950.383 0
959.031 0
967.730 0
976.326 0
985.006 0
993.745 0
1002.499 0
1010.959 0
1019.648 0
1028.500 1
