# 0.470
14.299 0
23.168 0
31.727 0
40.401 0
49.114 0
57.857 0
66.508 0
75.291 0
84.025 0
92.656 0
101.387 0
110.057 0
118.690 0
127.385 0
136.152 0
144.795 0
153.389 0
162.112 0
170.839 0
179.505 0
188.185 0
196.867 0
205.486 0
214.355 0
222.901 0
231.579 0
240.170 0
248.901 0
257.665 0
266.315 0
275.078 0
283.763 0
292.554 0
301.211 0
309.885 0
318.483 0
327.100 0
344.631 0
353.308 0
362.030 0
370.719 0
379.557 0
388.223 0
396.937 0
405.673 0
414.544 0
423.199 0
431.855 0
440.467 0
449.196 0
457.870 0
466.648 0
475.357 0
484.217 0
492.844 0
501.687 0
510.377 0
519.003 0
527.666 0
536.580 0
545.313 0
553.980 0
562.735 0
571.444 0
580.205 0
588.966 0
597.692 0
606.477 0
615.277 0
623.904 0
632.707 0
641.469 0
650.274 0
659.047 0
667.923 0
685.398 0
694.181 0
702.875 0
711.752 0
720.546 0
729.225 0
737.982 0
746.880 0
755.779 0
764.486 0
773.250 0
782.072 0
790.799 0
799.709 0
808.510 0
817.077 0
826.019 0
834.877 0
843.567 0
852.358 0
861.363 0
870.161 0
878.899 0
887.896 0
896.744 0
905.333 0
914.339 0
923.201 0
932.115 0
940.892 0
949.654 0
958.847 0
967.531 0
976.427 0
985.284 0
994.239 0
1002.942 0
