# 0.470
20.369 0
29.260 0
37.819 0
46.737 0
55.547 0
64.110 0
72.807 0
81.525 0
90.234 0
98.726 0
107.342 0
115.952 0
124.750 0
133.558 0
142.267 0
150.910 0
159.413 0
168.218 0
176.853 0
185.519 0
194.177 0
202.934 0
211.500 0
220.358 0
228.867 0
237.390 0
246.024 0
255.080 0
263.578 0
272.152 0
281.163 0
289.697 0
298.298 0
307.067 0
315.774 0
324.402 0
333.124 0
350.496 0
359.312 0
367.995 0
376.681 0
385.365 0
394.085 0
402.811 0
411.480 0
420.255 0
428.962 0
437.608 0
446.369 0
455.196 0
463.822 0
472.585 0
480.926 0
489.971 0
498.679 0
507.429 0
516.226 0
524.901 0
533.533 0
542.366 0
550.979 0
559.846 0
568.484 0
577.225 0
585.955 0
594.845 0
603.594 0
612.275 0
620.852 0
629.668 0
638.611 0
647.213 0
656.025 0
664.972 0
673.526 0
691.052 0
699.886 0
708.567 0
717.443 0
726.197 0
735.038 0
743.879 0
752.698 0
761.597 0
770.278 0
779.077 0
787.848 0
796.636 0
805.363 0
814.244 0
823.136 0
831.738 0
840.746 0
849.524 0
858.343 0
867.153 0
876.081 0
884.872 0
893.826 0
902.607 0
911.423 0
920.280 0
929.149 0
938.016 0
946.847 0
955.646 0
964.803 0
973.396 0
982.468 0
991.175 0
1000.120 0
1009.149 0
