# 0.470
19.301 0
28.110 0
37.113 0
45.944 0
54.898 0
63.907 0
72.851 0
81.755 0
90.660 0
99.777 0
108.555 0
117.460 0
126.404 0
134.965 0
144.098 0
152.843 0
161.527 0
170.474 0
179.542 0
188.232 0
197.147 0
206.074 0
214.782 0
223.538 0
232.641 0
241.346 0
250.268 0
259.122 0
267.804 0
276.707 0
285.579 0
294.360 0
303.186 0
311.939 0
320.729 0
329.664 0
338.433 0
355.994 0
364.873 0
373.512 0
382.498 0
391.137 0
399.922 0
408.715 0
417.444 0
426.514 0
435.127 0
444.027 0
452.802 0
461.579 0
470.223 0
479.022 0
487.797 0
496.482 0
505.315 0
514.101 0
522.904 0
531.640 0
540.382 0
549.234 0
557.855 0
566.801 0
575.463 0
584.239 0
592.950 0
601.645 0
610.527 0
619.324 0
627.805 0
636.548 0
645.467 0
654.191 0
662.911 0
671.604 0
680.297 0
697.880 0
706.351 0
715.163 0
723.784 0
732.573 0
741.261 0
749.993 0
758.677 0
767.404 0
776.248 0
784.920 0
793.657 0
802.369 0
810.942 0
819.600 0
828.401 0
837.077 0
845.754 0
854.561 0
863.225 0
871.836 0
880.613 0
889.253 0
898.035 0
906.648 0
915.304 0
924.139 0
932.817 0
941.257 0
950.027 0
958.783 0
967.522 0
976.200 0
984.913 0
993.559 0
1002.150 0
1010.908 0
