# 0.470
16.502 0
25.103 0
33.744 0
42.553 0
51.162 0
60.031 0
68.666 0
77.381 0
86.117 0
94.646 0
103.398 0
112.091 0
120.859 0
129.565 0
138.219 0
146.940 0
155.591 0
164.366 0
172.986 0
181.699 0
190.407 0
199.139 0
207.770 0
216.573 0
225.090 0
233.868 0
242.500 0
251.286 0
259.929 0
268.768 0
277.436 0
286.115 0
294.770 0
303.352 0
312.117 0
320.758 0
329.554 0
347.074 0
355.771 0
364.457 0
373.372 0
381.872 0
390.707 0
399.537 0
408.092 0
416.851 0
425.584 0
434.371 0
443.105 0
451.768 0
460.615 0
469.375 0
478.208 0
486.966 0
495.601 0
504.351 0
513.071 0
521.859 0
530.588 0
539.299 0
548.091 0
556.825 0
565.680 0
574.119 0
583.118 0
591.861 0
600.598 0
609.318 0
618.061 0
626.975 0
635.618 0
644.392 0
653.409 0
662.027 0
670.888 0
688.341 0
697.268 0
706.031 0
714.886 0
723.952 0
732.570 0
741.449 0
750.005 0
759.386 0
768.071 0
776.878 0
785.669 0
794.445 0
803.157 0
812.119 0
820.776 0
829.545 0
838.507 0
847.291 0
856.180 0
865.037 0
874.123 0
882.779 0
891.749 0
900.662 0
909.549 0
918.298 0
927.361 0
936.306 0
945.201 0
953.807 0
962.873 0
971.885 0
980.569 0
989.531 0
998.701 0
1007.510 0
