# 0.470
24.992 0
33.891 0
42.856 0
51.733 0
60.630 0
69.406 0
78.417 0
87.401 0
96.308 0
105.115 0
113.910 0
122.891 0
131.731 0
140.489 0
149.358 0
158.236 0
167.127 0
175.999 0
184.771 0
193.666 0
202.546 0
211.464 0
220.154 0
229.225 0
238.048 0
246.846 0
255.687 0
264.491 0
273.313 0
282.156 0
290.865 0
299.773 0
308.587 0
317.445 0
326.336 0
335.154 0
343.820 0
361.326 0
370.162 0
378.995 0
387.864 0
396.621 0
405.427 0
414.235 0
422.948 0
431.689 0
440.476 0
449.229 0
458.013 0
466.661 0
475.382 0
484.106 0
492.870 0
501.670 0
510.559 0
519.258 0
528.013 0
536.677 0
545.461 0
554.297 0
563.123 0
571.857 0
580.553 0
589.364 0
598.105 0
606.800 0
615.554 0
624.296 0
632.997 0
641.697 0
650.451 0
659.252 0
667.995 0
676.709 0
685.465 0
702.876 0
711.634 0
720.284 0
729.002 0
737.742 0
746.374 0
755.061 0
763.823 0
772.507 0
781.282 0
789.958 0
798.706 0
807.505 0
816.042 0
824.837 0
833.424 0
842.165 0
850.881 0
859.750 0
868.394 0
877.174 0
885.736 0
894.512 0
903.175 0
911.928 0
920.639 0
929.451 0
938.028 0
946.621 0
955.329 0
963.999 0
972.788 0
981.460 0
990.207 0
998.890 0
1007.540 0
1016.287 0
