# 0.470
21.262 0
29.845 0
38.931 0
47.692 0
56.776 0
65.453 0
74.320 0
83.442 0
91.992 0
100.880 0
109.820 0
118.826 0
127.594 0
136.592 0
145.483 0
154.322 0
163.068 0
171.960 0
180.910 0
189.812 0
198.654 0
207.525 0
216.371 0
225.143 0
234.042 0
242.890 0
251.555 0
260.242 0
269.061 0
277.947 0
286.945 0
295.663 0
304.509 0
313.252 0
322.244 0
330.950 0
339.658 0
357.559 0
366.105 0
374.808 0
383.840 0
392.423 0
401.166 0
410.068 0
418.774 0
427.559 0
436.472 0
445.101 0
453.871 0
462.430 0
471.467 0
480.189 0
488.952 0
497.652 0
506.326 0
515.076 0
523.791 0
532.738 0
541.262 0
550.022 0
558.738 0
567.544 0
576.278 0
585.164 0
593.949 0
602.853 0
611.230 0
620.202 0
628.876 0
637.563 0
646.370 0
655.206 0
663.850 0
672.554 0
681.277 0
698.704 0
707.472 0
716.236 0
724.737 0
733.576 0
742.165 0
750.878 0
759.597 0
768.235 0
776.970 0
785.847 0
794.419 0
803.321 0
811.835 0
820.436 0
829.212 0
837.857 0
846.473 0
855.261 0
864.043 0
872.727 0
881.185 0
889.985 0
898.741 0
907.510 0
916.056 0
924.959 0
933.574 0
942.104 0
950.947 0
959.524 0
968.196 0
977.015 0
985.675 0
994.333 0
1002.864 0
1011.500 0
