# 0.470
25.232 0
33.966 0
43.095 0
52.001 0
60.858 0
69.566 0
78.641 0
87.469 0
96.522 0
105.612 0
114.160 0
123.129 0
132.035 0
140.852 0
149.737 0
158.526 0
167.350 0
176.622 0
185.252 0
193.801 0
202.933 0
211.838 0
220.366 0
229.282 0
238.180 0
247.070 0
255.766 0
264.774 0
273.450 0
282.311 0
291.162 0
300.030 0
308.705 0
317.791 0
326.425 0
335.390 0
344.015 0
361.641 0
370.414 0
379.344 0
388.146 0
396.975 0
405.881 0
414.545 0
423.247 0
431.974 0
440.644 0
450.103 0
458.537 0
467.124 0
476.004 0
484.756 0
493.390 0
502.040 0
510.942 0
519.676 0
528.467 0
537.173 0
545.876 0
554.687 0
563.309 0
572.111 0
580.998 0
589.771 0
598.347 0
607.070 0
615.752 0
624.732 0
633.415 0
642.079 0
650.842 0
659.594 0
668.360 0
677.158 0
685.722 0
703.366 0
712.035 0
720.741 0
729.769 0
738.115 0
746.899 0
755.600 0
764.273 0
773.101 0
781.673 0
790.471 0
799.410 0
807.870 0
816.541 0
825.522 0
833.934 0
842.572 0
851.583 0
860.088 0
868.848 0
877.621 0
886.025 0
895.087 0
903.470 0
912.276 0
921.016 0
929.826 0
938.378 0
947.024 0
955.843 0
964.489 0
973.805 0
982.039 0
990.533 0
999.490 0
1007.888 0
1016.757 0
