# 0.470
21.823 0
30.485 0
39.106 0
47.849 0
56.584 0
65.208 0
74.036 0
82.727 0
91.424 0
99.997 0
108.575 0
117.474 0
126.179 0
134.857 0
143.535 0
152.242 0
160.821 0
169.562 0
178.250 0
186.968 0
195.689 0
204.328 0
213.010 0
221.827 0
230.287 0
239.082 0
247.809 0
256.473 0
265.239 0
273.900 0
282.654 0
291.340 0
300.142 0
308.778 0
317.391 0
326.142 0
334.836 0
352.289 0
360.972 0
369.743 0
378.459 0
387.154 0
395.926 0
404.637 0
413.415 0
422.102 0
430.837 0
439.562 0
448.282 0
457.046 0
465.663 0
474.394 0
483.139 0
491.915 0
500.676 0
509.280 0
518.060 0
526.822 0
535.530 0
544.276 0
553.080 0
561.823 0
570.537 0
579.247 0
588.059 0
596.789 0
605.582 0
614.343 0
623.034 0
631.843 0
640.492 0
649.282 0
658.143 0
667.023 0
675.800 0
693.372 0
702.047 0
710.810 0
719.729 0
728.000 1
737.247 0
746.070 0
754.796 0
763.629 0
772.478 0
781.259 0
790.024 0
798.773 0
807.748 0
816.534 0
825.226 0
834.019 0
842.864 0
851.776 0
860.624 0
869.551 0
878.330 0
887.125 0
896.127 0
904.906 0
913.771 0
922.616 0
931.396 0
940.387 0
949.141 0
958.013 0
967.044 0
975.782 0
984.767 0
993.647 0
1002.601 0
1011.369 0
