# 0.470
29.624 0
38.278 0
47.263 0
56.111 0
64.980 0
73.846 0
82.792 0
91.403 0
100.398 0
109.317 0
118.115 0
127.081 0
135.816 0
144.716 0
153.607 0
162.438 0
171.208 0
180.140 0
188.905 0
197.720 0
206.647 0
215.402 0
224.197 0
232.996 0
241.900 0
250.568 0
259.596 0
268.333 0
277.155 0
285.970 0
294.777 0
303.538 0
312.170 0
321.179 0
329.934 0
338.709 0
347.558 0
364.984 0
373.687 0
382.485 0
391.356 0
400.193 0
408.916 0
417.639 0
426.431 0
435.043 0
443.793 0
452.528 0
461.274 0
470.060 0
478.888 0
487.547 0
496.357 0
505.073 0
513.697 0
522.539 0
531.254 0
539.896 0
548.706 0
557.417 0
566.164 0
574.852 0
583.571 0
592.390 0
600.972 0
609.796 0
618.393 0
627.399 0
635.848 0
644.648 0
653.253 0
662.230 0
670.887 0
679.584 0
688.207 0
705.750 0
714.382 0
723.114 0
731.617 0
740.378 0
749.108 0
757.751 0
766.547 0
775.288 0
783.937 0
792.572 0
801.295 0
810.033 0
818.531 0
827.265 0
835.952 0
844.695 0
853.184 0
862.182 0
870.771 0
879.466 0
887.983 0
896.801 0
905.377 0
914.210 0
922.667 0
931.675 0
940.337 0
948.821 0
957.472 0
966.223 0
974.955 0
983.697 0
992.292 0
1000.973 0
1009.364 0
1018.298 0
