# 0.470
24.494 0
31.383 0
38.267 0
45.177 0
52.402 0
59.097 0
65.935 0
72.873 0
79.892 0
86.666 0
93.453 0
100.578 0
107.530 0
114.261 0
121.093 0
128.186 0
134.944 0
141.750 0
148.637 0
155.551 0
162.490 0
169.210 0
182.898 0
189.844 0
196.781 0
203.520 0
210.401 0
217.250 0
224.107 0
231.004 0
237.892 0
244.632 0
251.561 0
258.333 0
265.174 0
272.047 0
278.890 0
285.723 0
292.530 0
299.392 0
306.227 0
312.992 0
319.891 0
333.517 0
340.316 0
347.088 0
353.972 0
360.698 0
367.512 0
374.265 0
381.146 0
388.045 0
394.718 0
401.582 0
408.355 0
415.165 0
422.034 0
428.782 0
435.563 0
442.334 0
449.171 0
455.951 0
462.698 0
469.485 0
476.348 0
489.829 0
496.597 0
503.394 0
510.192 0
516.973 0
523.741 0
530.584 0
537.278 0
544.128 0
550.894 0
557.630 0
564.390 0
571.237 0
577.935 0
584.699 0
591.499 0
598.255 0
604.975 0
611.778 0
618.524 0
625.207 0
638.806 0
645.459 0
652.262 0
659.041 0
665.813 0
672.387 0
679.275 0
686.060 0
692.768 0
699.510 0
706.299 0
713.049 0
719.704 0
726.538 0
733.323 0
740.025 0
746.694 0
753.455 0
760.260 0
767.002 0
773.710 0
780.483 0
794.010 0
800.641 0
807.349 0
814.158 0
820.928 0
827.552 0
834.295 0
841.098 0
847.869 0
854.541 0
861.252 0
868.053 0
874.729 0
881.525 0
888.178 0
894.894 0
901.705 0
908.369 0
915.149 0
921.785 0
928.549 0
941.968 0
948.657 0
955.489 0
962.190 0
968.941 0
975.662 0
982.384 0
989.170 0
995.931 0
1002.609 0
1009.264 0
