# 0.470
20.821 0
29.590 0
38.208 0
46.918 0
55.448 0
64.278 0
72.913 0
81.582 0
90.246 0
98.812 0
107.587 0
116.220 0
124.983 0
133.728 0
142.303 0
151.046 0
159.582 0
168.282 0
177.045 0
185.708 0
194.342 0
202.990 0
211.806 0
220.557 0
229.006 0
237.727 0
246.499 0
255.147 0
263.888 0
272.597 0
281.335 0
290.032 0
298.740 0
307.356 0
315.985 0
324.655 0
333.409 0
350.737 0
359.462 0
368.259 0
377.034 0
385.775 0
394.377 0
403.117 0
411.868 0
420.562 0
429.338 0
438.007 0
446.808 0
455.586 0
464.281 0
473.046 0
481.571 0
490.428 0
499.099 0
507.792 0
516.516 0
525.224 0
534.026 0
542.783 0
551.518 0
560.256 0
569.019 0
577.673 0
586.491 0
595.186 0
603.945 0
612.650 0
621.367 0
630.287 0
638.964 0
647.499 0
656.593 0
665.254 0
674.100 0
691.523 0
700.373 0
709.224 0
717.993 0
726.701 0
735.515 0
744.309 0
753.042 0
761.774 0
770.747 0
779.291 0
788.233 0
796.816 0
805.653 0
814.680 0
823.260 0
832.252 0
841.166 0
849.941 0
858.835 0
867.824 0
876.464 0
885.209 0
894.222 0
902.802 0
911.668 0
920.687 0
929.302 0
938.311 0
947.231 0
955.967 0
964.925 0
973.768 0
982.672 0
991.488 0
1000.394 0
1009.195 0
