# 0.470
25.983 0
34.826 0
43.737 0
52.609 0
61.584 0
70.338 0
79.458 0
88.438 0
97.017 0
105.904 0
114.911 0
123.781 0
132.681 0
141.537 0
150.365 0
159.244 0
168.042 0
176.795 0
185.704 0
194.504 0
203.519 0
212.238 0
221.253 0
229.828 0
239.040 0
247.838 0
256.443 0
265.542 0
274.215 0
283.235 0
292.155 0
300.788 0
309.646 0
318.408 0
327.303 0
336.165 0
344.996 0
362.322 0
371.409 0
380.105 0
388.945 0
397.661 0
406.487 0
415.351 0
423.973 0
432.904 0
441.600 0
450.353 0
458.988 0
467.662 0
476.584 0
485.431 0
493.942 0
502.834 0
511.602 0
520.297 0
529.138 0
537.940 0
546.758 0
555.450 0
564.175 0
572.938 0
581.681 0
590.392 0
599.090 0
608.034 0
616.730 0
625.388 0
634.156 0
642.923 0
651.597 0
660.406 0
669.069 0
677.774 0
686.593 0
704.033 0
712.742 0
721.500 0
730.116 0
738.772 0
747.438 0
756.278 0
764.971 0
773.675 0
782.283 0
791.084 0
799.780 0
808.381 0
817.050 0
825.774 0
834.522 0
843.260 0
852.065 0
860.829 0
869.536 0
878.272 0
886.696 0
895.517 0
904.150 0
912.947 0
921.701 0
930.446 0
939.136 0
947.725 0
956.463 0
965.060 0
973.856 0
982.557 0
991.262 0
1000.013 0
1008.638 0
1017.275 0
