# 0.470
13.054 0
21.765 0
30.353 0
39.089 0
47.837 0
56.518 0
65.163 0
73.904 0
82.655 0
91.142 0
99.918 0
108.666 0
117.311 0
126.011 0
134.563 0
143.357 0
151.910 0
160.658 0
169.350 0
178.017 0
186.750 0
195.422 0
204.136 0
212.857 0
221.253 0
230.038 0
238.671 0
247.560 0
256.139 0
264.871 0
273.524 0
282.217 0
290.927 0
299.613 0
308.224 0
316.976 0
325.697 0
343.105 0
351.866 0
360.501 0
369.241 0
377.995 0
386.755 0
395.503 0
404.160 0
412.907 0
421.554 0
430.284 0
439.007 0
447.569 0
456.329 0
465.166 0
473.887 0
482.584 0
491.358 0
500.089 0
508.689 0
517.520 0
526.291 0
535.035 0
543.685 0
552.652 0
561.136 0
569.795 0
578.618 0
587.253 0
596.193 0
604.814 0
613.567 0
622.311 0
631.081 0
639.888 0
648.817 0
657.528 0
666.290 0
683.814 0
692.548 0
701.429 0
710.324 0
719.018 0
727.758 0
736.612 0
745.224 0
754.289 0
762.925 0
771.757 0
780.577 0
789.278 0
798.266 0
807.103 0
815.814 0
824.579 0
833.483 0
842.245 0
850.983 0
860.011 0
868.730 0
877.528 0
886.468 0
895.182 0
904.100 0
912.996 0
921.851 0
930.818 0
939.680 0
948.423 0
957.363 0
966.249 0
975.209 0
983.966 0
992.942 0
1001.774 0
