# 0.470
39.089 0
46.223 0
52.735 0
59.804 0
66.370 0
73.522 0
80.500 1
87.230 0
93.668 0
100.803 0
107.383 0
114.471 0
120.945 0
128.100 0
134.636 0
141.813 0
148.230 0
155.500 1
161.944 0
168.999 0
175.475 0
182.650 0
196.311 0
202.677 0
209.887 0
216.255 0
223.473 0
229.934 0
237.091 0
243.490 0
250.695 0
257.103 0
264.324 0
270.706 0
277.900 0
284.230 0
291.504 0
297.887 0
305.013 0
311.480 0
318.676 0
324.970 0
332.125 0
345.775 0
352.191 0
359.248 0
365.642 0
372.796 0
379.193 0
386.338 0
392.718 0
399.896 0
406.196 0
413.401 0
419.751 0
426.928 0
433.288 0
440.395 0
446.752 0
453.920 0
460.334 0
467.477 0
473.760 0
480.929 0
487.288 0
500.856 0
507.831 0
514.305 0
521.456 0
527.670 0
534.820 0
541.175 0
548.270 0
554.663 0
561.801 0
568.101 0
575.217 0
581.581 0
588.658 0
595.018 0
602.112 0
608.507 0
615.530 0
621.972 0
629.085 0
635.375 0
648.912 0
655.851 0
662.292 0
669.277 0
675.825 0
682.688 0
689.065 0
695.988 0
702.390 0
709.496 0
715.889 0
723.078 0
729.188 0
736.255 0
742.849 0
749.782 0
756.180 0
763.191 0
769.587 0
776.616 0
782.982 0
789.969 0
803.482 0
809.790 0
816.835 0
823.222 0
830.224 0
836.585 0
843.614 0
849.990 0
857.014 0
863.412 0
870.374 0
876.791 0
883.788 0
890.183 0
897.129 0
903.544 0
910.550 0
916.919 0
923.924 0
930.296 0
937.284 0
950.695 0
957.049 0
964.044 0
970.462 0
977.501 0
983.871 0
990.831 0
997.262 0
1004.206 0
1010.702 0
1017.537 0
