# 0.470
15.028 0
23.188 0
32.307 0
40.891 0
49.878 0
58.528 0
67.009 0
76.053 0
84.511 0
92.896 0
101.888 0
110.483 0
119.279 0
127.849 0
136.235 0
145.096 0
153.925 0
162.929 0
171.734 0
180.649 0
188.945 0
197.754 0
206.161 0
214.899 0
222.963 0
232.311 0
240.859 0
249.810 0
258.125 0
267.132 0
275.854 0
284.229 0
292.910 0
301.883 0
310.200 0
319.160 0
327.939 0
345.459 0
354.058 0
362.840 0
371.392 0
380.111 0
388.916 0
397.753 0
406.586 0
414.896 0
423.651 0
432.835 0
441.286 0
450.317 0
458.459 0
467.644 0
476.284 0
484.769 0
493.691 0
502.552 0
511.225 0
520.002 0
528.667 0
537.251 0
546.317 0
554.647 0
563.655 0
572.726 0
581.004 0
589.718 0
598.500 0
607.381 0
616.247 0
624.892 0
633.180 0
642.268 0
651.328 0
659.546 0
669.156 0
686.396 0
694.826 0
703.964 0
712.843 0
721.394 0
730.256 0
738.928 0
747.713 0
757.130 0
765.614 0
774.258 0
783.116 0
792.099 0
800.783 0
809.606 0
818.355 0
827.313 0
836.065 0
844.835 0
853.332 0
862.844 0
871.211 0
880.170 0
889.007 0
897.834 0
906.660 0
915.830 0
924.167 0
933.492 0
942.291 0
950.693 0
960.129 0
968.717 0
977.698 0
986.675 0
995.342 0
1004.544 0
