# 0.470
19.666 0
26.290 0
33.045 0
39.763 0
46.521 0
53.064 0
59.816 0
66.414 0
73.204 0
79.891 0
86.275 0
99.911 0
106.693 0
113.233 0
119.866 0
126.665 0
133.145 0
140.092 0
146.672 0
153.447 0
159.698 0
166.402 0
173.510 0
180.167 0
186.913 0
193.623 0
200.361 0
206.947 0
213.696 0
220.308 0
227.008 0
233.758 0
247.117 0
253.912 0
260.530 0
267.158 0
273.986 0
280.575 0
287.181 0
294.032 0
300.759 0
307.473 0
314.006 0
320.806 0
327.449 0
334.115 0
340.699 0
347.645 0
354.343 0
361.022 0
367.632 0
374.255 0
381.328 0
387.700 0
401.308 0
407.982 0
414.632 0
421.219 0
427.951 0
434.551 0
441.490 0
448.088 0
454.830 0
461.614 0
468.370 0
474.979 0
481.773 0
488.538 0
495.218 0
502.003 0
508.765 0
515.453 0
522.211 0
528.978 0
535.679 0
549.140 0
555.914 0
562.698 0
569.436 0
576.154 0
582.976 0
589.653 0
596.522 0
603.191 0
609.962 0
616.732 0
623.497 0
630.268 0
636.958 0
643.775 0
650.540 0
657.284 0
664.090 0
670.774 0
677.624 0
684.337 0
691.278 0
704.709 0
711.537 0
718.200 0
725.090 0
731.835 0
738.645 0
745.441 0
752.229 0
759.071 0
765.857 0
772.541 0
779.468 0
786.194 0
793.042 0
799.797 0
806.611 0
813.416 0
820.274 0
827.032 0
833.904 0
840.597 0
854.330 0
861.116 0
867.954 0
874.745 0
881.630 0
888.447 0
895.203 0
902.116 0
908.887 0
915.652 0
922.537 0
929.366 0
936.404 0
943.040 0
949.810 0
956.724 0
963.552 0
970.377 0
977.293 0
984.140 0
990.957 0
997.829 0
