# 0.470
16.840 0
25.635 0
34.149 0
42.844 0
51.559 0
60.219 0
69.008 0
77.696 0
86.357 0
94.840 0
103.664 0
112.269 0
121.060 0
129.852 0
138.582 0
147.267 0
155.666 0
164.558 0
173.245 0
181.954 0
190.693 0
199.352 0
208.102 0
216.785 0
225.454 0
234.054 0
242.747 0
251.528 0
260.161 0
268.956 0
277.758 0
286.383 0
295.193 0
303.878 0
312.511 0
321.230 0
329.885 0
347.342 0
356.011 0
364.703 0
373.481 0
382.179 0
390.958 0
399.570 0
408.407 0
417.086 0
425.821 0
434.487 0
443.286 0
451.983 0
460.746 0
469.622 0
478.236 0
487.070 0
495.770 0
504.650 0
513.282 0
521.957 0
530.780 0
539.424 0
548.258 0
557.006 0
565.823 0
574.510 0
583.220 0
592.046 0
600.777 0
609.594 0
618.179 0
627.064 0
635.783 0
644.544 0
653.420 0
662.177 0
670.931 0
688.498 0
697.397 0
706.136 0
714.899 0
723.728 0
732.518 0
741.213 0
750.164 0
758.974 0
767.756 0
776.616 0
785.473 0
794.156 0
803.195 0
812.031 0
820.657 0
829.546 0
838.542 0
847.200 0
856.036 0
865.093 0
873.911 0
882.674 0
891.586 0
900.404 0
909.175 0
918.252 0
927.077 0
936.073 0
944.851 0
953.645 0
962.756 0
971.520 0
980.431 0
989.281 0
998.257 0
1007.127 0
