# 0.470
12.457 0
21.094 0
29.729 0
38.299 0
47.103 0
55.683 0
64.353 0
73.035 0
81.723 0
90.355 0
99.007 0
107.615 0
116.301 0
125.183 0
133.749 0
142.450 0
150.961 0
159.744 0
168.443 0
177.089 0
185.771 0
194.453 0
203.168 0
211.879 0
220.475 0
228.981 0
237.824 0
246.576 0
255.321 0
264.086 0
272.704 0
281.284 0
290.009 0
298.749 0
307.130 0
315.956 0
324.665 0
342.030 0
350.747 0
359.462 0
368.143 0
376.937 0
385.539 0
394.284 0
402.926 0
411.634 0
420.468 0
429.180 0
437.809 0
446.529 0
455.254 0
463.995 0
472.818 0
481.462 0
490.108 0
498.838 0
507.601 0
516.250 0
525.021 0
533.834 0
542.579 0
551.394 0
560.054 0
568.778 0
577.500 0
586.325 0
594.921 0
603.680 0
612.450 0
621.145 0
629.870 0
638.622 0
647.528 0
656.174 0
664.994 0
682.504 0
691.247 0
700.038 0
708.813 0
717.594 0
726.157 0
735.156 0
744.168 0
752.732 0
761.597 0
770.226 0
779.185 0
787.888 0
796.895 0
805.589 0
814.400 0
823.253 0
832.080 0
840.939 0
849.768 0
858.675 0
867.534 0
876.406 0
885.273 0
893.925 0
902.806 0
911.828 0
920.509 0
929.426 0
938.203 0
947.043 0
955.922 0
964.869 0
973.832 0
982.375 0
991.389 0
999.525 0
