# 0.470
20.447 0
29.370 0
38.337 0
46.953 0
56.030 0
64.964 0
73.981 0
82.841 0
91.664 0
100.592 0
109.511 0
118.332 0
127.258 0
136.093 0
145.105 0
153.935 0
162.646 0
171.687 0
180.460 0
189.282 0
198.317 0
207.043 0
215.879 0
224.577 0
233.622 0
242.426 0
251.326 0
259.915 0
268.839 0
277.822 0
286.616 0
295.441 0
304.276 0
313.087 0
321.985 0
330.700 0
339.563 0
357.007 0
365.927 0
374.690 0
383.495 0
392.360 0
401.164 0
410.032 0
418.682 0
427.587 0
436.199 0
444.994 0
453.739 0
462.513 0
471.322 0
480.157 0
488.833 0
497.604 0
506.360 0
515.168 0
523.926 0
532.586 0
541.360 0
550.126 0
558.907 0
567.695 0
576.422 0
585.282 0
593.867 0
602.669 0
611.395 0
620.077 0
628.825 0
637.633 0
646.336 0
655.177 0
663.781 0
672.675 0
681.339 0
698.827 0
707.582 0
716.255 0
724.867 0
733.535 0
742.354 0
751.036 0
759.837 0
768.514 0
777.188 0
785.962 0
794.708 0
803.440 0
811.954 0
820.722 0
829.408 0
838.136 0
846.750 1
855.570 0
864.273 0
873.066 0
881.594 0
890.308 0
899.018 0
907.766 0
916.502 0
925.180 0
933.912 0
942.525 0
951.254 0
959.933 0
968.997 0
977.366 0
986.088 0
994.769 0
1003.273 0
1012.275 0
