# 0.470
38.717 0
45.599 0
52.464 0
59.231 0
66.128 0
73.001 0
79.828 0
86.714 0
93.481 0
100.346 0
107.205 0
113.876 0
120.919 0
127.680 0
134.451 0
141.358 0
148.069 0
154.841 0
161.678 0
168.551 0
175.264 0
182.153 0
195.651 0
202.474 0
209.303 0
216.011 0
222.815 0
229.690 0
236.516 0
243.229 0
250.058 0
256.867 0
263.622 0
270.385 0
277.219 0
283.979 0
290.778 0
297.548 0
304.346 0
311.084 0
317.884 0
324.637 0
331.440 0
344.945 0
351.724 0
358.459 0
365.223 0
371.975 0
378.765 0
385.495 0
392.247 0
399.058 0
405.756 0
412.519 0
419.231 0
425.988 0
432.755 0
439.478 0
446.223 0
452.965 0
459.729 0
466.507 0
473.192 0
479.992 0
486.624 0
500.134 0
506.818 0
513.600 0
520.345 0
527.014 0
533.787 0
540.468 0
547.223 0
553.945 0
560.662 0
567.403 0
574.212 0
580.911 0
587.557 0
594.328 0
601.047 0
607.772 0
614.463 0
621.174 0
627.886 0
634.589 0
647.954 0
654.673 0
661.442 0
668.061 0
674.887 0
681.517 0
688.245 0
695.036 0
701.647 0
708.352 0
715.063 0
721.861 0
728.492 0
735.180 0
741.942 0
748.647 0
755.156 0
762.073 0
768.707 0
775.445 0
782.070 0
788.692 0
802.255 0
808.735 0
815.610 0
822.338 0
829.031 0
835.727 0
842.379 0
848.959 0
855.824 0
862.545 0
869.165 0
875.850 0
882.549 0
889.315 0
895.919 0
902.578 0
909.218 0
915.890 0
922.646 0
929.322 0
936.009 0
949.342 0
956.015 0
962.702 0
969.380 0
976.078 0
982.787 0
989.420 0
996.065 0
1002.851 0
1009.523 0
1016.269 0
