# 0.470
21.100 0
29.762 0
38.740 0
47.606 0
56.567 0
65.535 0
74.422 0
83.247 0
92.148 0
101.221 0
109.819 0
118.858 0
127.723 0
136.612 0
145.441 0
154.346 0
163.174 0
172.177 0
180.827 0
189.830 0
198.687 0
207.415 0
216.088 0
225.118 0
233.787 0
242.757 0
251.696 0
260.335 0
269.137 0
278.051 0
286.869 0
295.680 0
304.400 0
313.376 0
322.315 0
330.839 0
339.746 0
357.312 0
365.954 0
374.812 0
383.717 0
392.556 0
401.313 0
410.237 0
418.924 0
427.882 0
436.400 0
445.169 0
454.033 0
462.720 0
471.377 0
480.284 0
488.999 0
497.701 0
506.638 0
515.297 0
523.910 0
532.676 0
541.608 0
550.158 0
558.928 0
567.622 0
576.328 0
585.202 0
593.954 0
602.594 0
611.290 0
620.157 0
628.926 0
637.621 0
646.474 0
655.227 0
663.972 0
672.585 0
681.450 0
698.758 0
707.638 0
716.276 0
724.851 0
733.600 0
742.271 0
751.100 0
759.714 0
768.379 0
777.105 0
785.940 0
794.595 0
803.368 0
811.916 0
820.659 0
829.276 0
838.066 0
846.762 0
855.367 0
864.277 0
872.923 0
881.468 0
890.137 0
898.861 0
907.659 0
916.235 0
924.992 0
933.847 0
942.408 0
951.097 0
959.823 0
968.336 0
977.156 0
985.827 0
994.520 0
1003.097 0
1011.948 0
