# 0.470
12.839 0
21.478 0
30.006 0
38.731 0
47.391 0
56.000 0
64.737 0
73.351 0
82.029 0
90.560 0
99.202 0
107.900 0
116.546 0
125.167 0
133.893 0
142.495 0
151.016 0
159.706 0
168.393 0
177.062 0
185.651 0
194.363 0
202.953 0
211.657 0
220.199 0
228.880 0
237.558 0
246.198 0
254.893 0
263.515 0
272.091 0
280.759 0
289.455 0
298.173 0
306.622 0
315.322 0
324.012 0
341.288 0
350.031 0
358.726 0
367.333 0
376.099 0
384.737 0
393.399 0
402.113 0
410.778 0
419.447 0
428.185 0
436.845 0
445.526 0
454.176 0
462.942 0
471.550 0
480.211 0
488.945 0
497.561 0
506.287 0
514.963 0
523.644 0
532.353 0
541.060 0
549.753 0
558.496 0
567.054 0
575.679 0
584.598 0
593.253 0
601.881 0
610.734 0
619.285 0
627.985 0
636.678 0
645.488 0
654.279 0
663.042 0
680.434 0
689.168 0
697.939 0
706.759 0
715.267 0
724.212 0
732.959 0
741.516 0
750.485 0
759.175 0
767.986 0
776.744 0
785.462 0
794.322 0
803.093 0
811.822 0
820.598 0
829.515 0
838.251 0
846.989 0
855.690 0
864.505 0
873.191 0
881.938 0
890.753 0
899.612 0
908.502 0
917.300 0
926.122 0
934.945 0
943.661 0
952.593 0
961.423 0
970.214 0
978.988 0
987.909 0
996.768 0
