# 0.470
23.567 0
32.475 0
41.468 0
50.260 0
59.187 0
67.988 0
76.938 0
85.923 0
94.726 0
103.749 0
112.548 0
121.498 0
130.323 0
139.079 0
148.085 0
156.878 0
165.718 0
174.595 0
183.420 0
192.243 0
201.127 0
209.994 0
218.833 0
227.566 0
236.520 0
245.313 0
254.017 0
262.884 0
271.648 0
280.643 0
289.458 0
298.161 0
306.940 0
315.753 0
324.697 0
333.595 0
342.235 0
359.757 0
368.481 0
377.290 0
386.226 0
394.888 0
403.740 0
412.536 0
421.328 0
429.959 0
438.897 0
447.463 0
456.340 0
465.046 0
473.876 0
482.573 0
491.353 0
499.939 0
508.861 0
517.791 0
526.445 0
535.119 0
543.818 0
552.539 0
561.453 0
570.155 0
578.790 0
587.602 0
596.369 0
605.003 0
613.700 0
622.572 0
631.215 0
639.934 0
648.718 0
657.423 0
666.114 0
674.827 0
683.515 0
700.979 0
709.732 0
718.410 0
727.118 0
735.841 0
744.569 0
753.169 0
761.999 0
770.654 0
779.368 0
788.135 0
796.953 0
805.530 0
814.224 0
822.922 0
831.687 0
840.341 0
849.080 0
857.780 0
866.557 0
875.214 0
883.838 0
892.446 0
901.274 0
909.814 0
918.658 0
927.259 0
935.941 0
944.647 0
953.307 0
961.991 0
970.734 0
979.460 0
988.189 0
996.807 0
1005.334 0
1014.103 0
