# 0.470
26.656 0
35.743 0
44.578 0
53.620 0
62.275 0
71.188 0
80.340 0
89.107 0
97.674 0
106.385 0
115.372 0
124.332 0
133.409 0
142.060 0
150.803 0
159.562 0
168.522 0
177.208 0
185.795 0
194.643 0
203.468 0
212.394 0
221.169 0
229.920 0
239.174 0
247.712 0
256.649 0
265.333 0
273.929 0
282.957 0
291.829 0
300.721 0
309.468 0
318.175 0
327.167 0
335.867 0
344.826 0
362.319 0
371.039 0
379.776 0
388.473 0
397.356 0
406.253 0
415.002 0
423.693 0
432.368 0
441.233 0
449.847 0
458.533 0
467.550 0
476.126 0
484.901 0
493.528 0
502.339 0
511.065 0
519.736 0
528.617 0
537.409 0
546.133 0
554.967 0
563.723 0
572.395 0
581.209 0
589.841 0
598.695 0
607.397 0
616.208 0
624.965 0
633.455 0
642.326 0
650.973 0
659.715 0
668.573 0
677.349 0
685.962 0
703.426 0
711.997 0
720.977 0
729.563 0
738.235 0
746.879 0
755.717 0
764.412 0
773.106 0
781.712 0
790.660 0
799.302 0
807.910 0
816.551 0
825.318 0
833.968 0
842.754 0
851.461 0
860.210 0
868.954 0
877.629 0
886.331 0
895.007 0
903.673 0
912.438 0
921.157 0
929.701 0
938.443 0
947.156 0
955.851 0
964.482 0
973.191 0
981.865 0
990.517 0
999.230 0
1007.842 0
1016.635 0
