# 0.470
12.412 0
18.768 0
25.789 0
32.229 0
39.101 0
45.496 0
52.469 0
59.060 0
65.861 0
72.377 0
79.231 0
92.666 0
99.102 0
106.017 0
112.461 0
119.365 0
125.874 0
132.745 0
139.297 0
146.084 0
152.600 0
159.524 0
166.006 0
172.904 0
179.420 0
186.352 0
192.850 0
199.689 0
206.224 0
213.129 0
219.668 0
226.498 0
239.910 0
246.465 0
253.297 0
259.835 0
266.709 0
273.246 0
280.102 0
286.673 0
293.520 0
300.103 0
306.913 0
313.478 0
320.369 0
326.926 0
333.738 0
340.317 0
347.178 0
353.729 0
360.572 0
367.187 0
374.009 0
380.538 0
394.020 0
400.793 0
407.452 0
414.294 0
420.835 0
427.736 0
434.295 0
441.179 0
447.750 0
454.624 0
461.247 0
468.035 0
474.628 0
481.553 0
488.097 0
494.995 0
501.614 0
508.432 0
515.041 0
521.914 0
528.524 0
541.989 0
548.827 0
555.517 0
562.291 0
568.953 0
575.836 0
582.459 0
589.340 0
595.897 0
602.783 0
609.459 0
616.287 0
622.927 0
629.732 0
636.475 0
643.315 0
649.944 0
656.842 0
663.490 0
670.379 0
676.970 0
683.890 0
697.451 0
704.125 0
710.976 0
717.649 0
724.482 0
731.266 0
738.076 0
744.755 0
751.633 0
758.351 0
765.269 0
771.941 0
778.813 0
785.503 0
792.417 0
799.096 0
806.019 0
812.669 0
819.577 0
826.262 0
833.161 0
846.836 0
853.494 0
860.433 0
867.101 0
874.058 0
880.796 0
887.720 0
894.406 0
901.308 0
907.943 0
914.924 0
921.603 0
928.494 0
935.311 0
942.242 0
948.929 0
955.870 0
962.642 0
969.604 0
976.117 0
983.304 0
989.785 0
