# 0.470
31.785 0
40.645 0
49.658 0
58.544 0
67.458 0
76.333 0
85.323 0
94.131 0
102.928 0
111.832 0
120.725 0
129.686 0
138.491 0
147.297 0
156.197 0
165.016 0
173.848 0
182.726 0
191.617 0
200.359 0
209.253 0
218.098 0
226.969 0
235.619 0
244.577 0
253.408 0
262.250 0
271.005 0
279.769 0
288.748 0
297.446 0
306.325 0
315.172 0
323.940 0
332.775 0
341.563 0
350.330 0
367.955 0
376.674 0
385.457 0
394.328 0
403.127 0
411.930 0
420.640 0
429.517 0
438.108 0
446.871 0
455.624 0
464.347 0
473.158 0
481.823 0
490.656 0
499.360 0
508.051 0
516.826 0
525.557 0
534.221 0
543.037 0
551.647 0
560.541 0
569.169 0
577.945 0
586.653 0
595.363 0
604.210 0
612.889 0
621.657 0
630.501 0
639.156 0
647.827 0
656.628 0
665.312 0
674.057 0
682.725 0
691.463 0
708.874 0
717.609 0
726.416 0
735.009 0
743.602 0
752.282 0
761.013 0
769.665 0
778.379 0
787.078 0
795.881 0
804.596 0
813.274 0
821.821 0
830.518 0
839.221 0
847.919 0
856.570 0
865.333 0
873.990 0
882.725 0
891.300 0
899.974 0
908.679 0
917.308 0
926.188 0
934.921 0
943.596 0
952.122 0
960.841 0
969.503 0
978.280 0
987.028 0
995.692 0
1004.332 0
1013.002 0
1021.690 0
