# 0.470
13.270 0
22.097 0
30.891 0
39.497 0
48.237 0
56.880 0
65.607 0
74.052 0
83.075 0
91.616 0
100.212 0
109.029 0
117.578 0
126.359 0
134.970 0
143.559 0
152.389 0
160.879 0
169.605 0
178.421 0
187.061 0
195.709 0
204.339 0
212.872 0
221.830 0
230.226 0
238.796 0
247.846 0
256.273 0
265.131 0
273.700 0
282.509 0
291.161 0
299.964 0
308.673 0
317.243 0
325.917 0
334.575 0
343.504 0
351.834 0
360.988 0
369.494 0
378.179 0
386.770 0
395.391 0
404.289 0
412.923 0
421.631 0
430.308 0
439.181 0
447.884 0
456.614 0
465.392 0
474.085 0
482.865 0
491.585 0
500.288 0
508.993 0
517.733 0
526.455 0
535.200 0
543.871 0
552.618 0
570.050 0
587.579 0
596.279 0
605.000 0
613.793 0
622.486 0
631.205 0
639.891 0
648.706 0
657.600 0
666.158 0
675.116 0
683.885 0
692.581 0
701.495 0
710.293 0
719.059 0
727.895 0
736.574 0
745.521 0
754.245 0
763.122 0
771.756 0
780.561 0
789.402 0
798.109 0
807.112 0
815.866 0
824.797 0
833.478 0
842.363 0
851.294 0
860.011 0
868.868 0
877.693 0
886.529 0
895.510 0
904.140 0
913.062 0
921.857 0
930.776 0
939.719 0
948.596 0
957.367 0
966.255 0
975.117 0
983.998 0
992.829 0
1001.552 0
