# 0.470
29.316 0
38.200 0
47.012 0
56.031 0
64.805 0
73.618 0
82.481 0
91.358 0
100.199 0
109.160 0
117.849 0
126.806 0
135.654 0
144.464 0
153.355 0
162.113 0
171.000 0
179.605 0
188.526 0
197.546 0
206.313 0
215.157 0
223.873 0
232.759 0
241.632 0
250.367 0
259.174 0
267.976 0
276.841 0
285.799 0
294.665 0
303.334 0
312.121 0
320.852 0
329.699 0
338.419 0
347.254 0
364.718 0
373.601 0
382.302 0
391.198 0
399.896 0
408.615 0
417.372 0
426.056 0
434.735 0
443.599 0
452.315 0
461.030 0
469.766 0
478.459 0
487.219 0
495.926 0
504.560 0
513.313 0
522.094 0
530.802 0
539.524 0
548.245 0
556.979 0
565.594 0
574.402 0
583.184 0
591.977 0
600.662 0
609.378 0
617.989 0
626.892 0
635.524 0
644.338 0
653.053 0
661.563 0
670.433 0
679.076 0
687.690 0
705.174 0
713.784 0
722.504 0
731.191 0
739.997 0
748.628 0
757.115 0
765.725 0
774.612 0
783.320 0
792.071 0
800.636 0
809.349 0
818.012 0
826.661 0
835.340 0
844.087 0
852.706 0
861.420 0
870.196 0
878.834 0
887.436 0
896.276 0
904.920 0
913.559 0
922.328 0
931.046 0
939.667 0
948.150 0
956.950 0
965.826 0
974.318 0
983.194 0
991.681 0
1000.513 0
1008.948 0
1017.586 0
