# 0.470
20.278 0
29.038 0
37.612 0
46.249 0
55.051 0
63.739 0
72.421 0
81.128 0
89.800 0
98.361 0
107.076 0
115.757 0
124.569 0
133.191 0
141.839 0
150.616 0
159.236 0
167.859 0
176.553 0
185.243 0
193.888 0
202.577 0
211.262 0
220.024 0
228.638 0
237.274 0
246.008 0
254.664 0
263.366 0
272.062 0
280.737 0
289.394 0
298.067 0
306.740 0
315.347 0
324.139 0
332.711 0
350.300 0
359.001 0
367.788 0
376.446 0
385.210 0
393.879 0
402.600 0
411.317 0
420.072 0
428.752 0
437.416 0
446.250 0
454.898 0
463.619 0
472.360 0
480.982 0
489.796 0
498.575 0
507.163 0
515.951 0
524.730 0
533.500 0
542.159 0
550.736 0
559.657 0
568.348 0
577.111 0
585.886 0
594.488 0
603.384 0
612.115 0
620.863 0
629.635 0
638.365 0
647.104 0
655.975 0
664.743 0
673.512 0
690.983 0
699.708 0
708.493 0
717.452 0
726.321 0
735.017 0
743.865 0
752.569 0
761.539 0
770.335 0
779.222 0
787.927 0
796.640 0
805.519 0
814.308 0
823.174 0
831.945 0
840.703 0
849.589 0
858.221 0
867.248 0
876.036 0
884.799 0
893.730 0
902.568 0
911.470 0
920.446 0
929.248 0
938.074 0
947.022 0
955.734 0
964.783 0
973.457 0
982.477 0
991.396 0
1000.127 0
1009.037 0
