              wave               response
------------------ ----------------------
            8275.0  8.190349957265634e-11
  8276.07800387597   8.07325472517991e-11
 8277.156007751939   7.95615949309402e-11
 8278.234011627908  7.839064261008295e-11
 8279.312015503878   7.72196902892257e-11
 8280.390019379847  7.604873796836845e-11
 8281.468023255817   7.48777856475112e-11
 8282.546027131786  7.370683332665396e-11
 8283.624031007756  7.253588100579506e-11
 8284.702034883725  7.136492868493781e-11
 8285.780038759694  7.345678049709282e-11
 8286.858042635664   6.70304776401294e-11
 8287.936046511633  6.301821367319577e-11
 8289.014050387603  6.841688499089371e-11
 8290.092054263572  6.720188106043571e-11
 8291.170058139542  6.474894869680888e-11
 8292.248062015511  6.328345384569639e-11
  8293.32606589148  6.190058825875093e-11
  8294.40406976745  6.057426848429032e-11
  8295.48207364342  5.961541205496272e-11
 8296.560077519389  5.874247957329226e-11
 8297.638081395358  5.757605616930412e-11
 8298.716085271328  5.643645005473483e-11
 8299.794089147297  5.535274068676948e-11
 8300.872093023267  5.432492806540807e-11
 8301.950096899236   5.33530121906506e-11
 8303.028100775206 5.2647911260461646e-11
 8304.106104651175  5.169255972626099e-11
 8305.184108527144   5.08150961841274e-11
 8306.262112403114  4.996095241839373e-11
 8307.340116279083  4.913012842905997e-11
 8308.418120155053  4.842861138052102e-11
 8309.496124031022  4.757174046014053e-11
 8310.574127906992 4.6778151704082086e-11
 8311.652131782961 4.6018193203503676e-11
  8312.73013565893 4.5373609771390075e-11
   8313.8081395349  4.465051108574307e-11
  8314.88614341087  4.394205414850422e-11
 8315.964147286839 4.3248238959673566e-11
 8317.042151162808  4.256906551925106e-11
 8318.120155038778  4.190453382723672e-11
 8319.198158914747  4.125464388363054e-11
 8320.276162790717  4.065078099224144e-11
 8321.354166666686  3.998159675999905e-11
 8322.432170542656 3.9331310055610146e-11
 8323.510174418625 3.8734564745226733e-11
 8324.588178294594 3.8156450064063116e-11
 8325.666182170564 3.7632367026162747e-11
 8326.744186046533 3.7063837239233956e-11
 8327.822189922503 3.6505712996485186e-11
 8328.900193798472 3.5968335870804756e-11
 8329.978197674442  3.537371364864497e-11
 8331.056201550411   3.47694503425477e-11
  8332.13420542638 3.4225280882458466e-11
  8333.21220930235  3.368782480145988e-11
  8334.29021317832 3.3157082099551924e-11
 8335.368217054289  3.263305277673461e-11
 8336.446220930258 3.2154499767123215e-11
 8337.524224806228  3.168840211154598e-11
 8338.602228682197  3.121753172354837e-11
 8339.680232558167 3.0688311617108034e-11
 8340.758236434136  3.015646086093848e-11
 8341.836240310105  2.966879440480878e-11
 8342.914244186075  2.921072848614809e-11
 8343.992248062044  2.875544334008225e-11
 8345.070251938014  2.831620016566007e-11
 8346.148255813983 2.7910882891521977e-11
 8347.226259689953 2.7540123456681446e-11
 8348.304263565922 2.7135254773483792e-11
 8349.382267441892 2.6728888131462415e-11
 8350.460271317861 2.6361210104749924e-11
  8351.53827519383 2.6012987783869637e-11
   8352.6162790698 2.5652395586232215e-11
  8353.69428294577 2.5301875442222904e-11
 8354.772286821739 2.4963019967982665e-11
 8355.850290697708 2.4683625015749798e-11
 8356.928294573678 2.4425809159702647e-11
 8358.006298449647 2.4149385994599877e-11
 8359.084302325617  2.385753010112401e-11
 8360.162306201586   2.35731348683668e-11
 8361.240310077555 2.3317317222608622e-11
 8362.318313953525  2.307719887958149e-11
 8363.396317829494 2.2831141916430072e-11
 8364.474321705464 2.2584692847589997e-11
 8365.552325581433 2.2350179839519296e-11
 8366.630329457403 2.2100704673712087e-11
 8367.708333333372 2.1855947896974276e-11
 8368.786337209342 2.1632410245258615e-11
 8369.864341085311  2.144123158222305e-11
  8370.94234496128 2.1264632297757912e-11
  8372.02034883725 2.1061250108864246e-11
  8373.09835271322 2.0849912514953366e-11
 8374.176356589189 2.0651454748485742e-11
 8375.254360465158  2.046938668463805e-11
 8376.332364341128  2.029182237208249e-11
 8377.410368217097  2.010501686749242e-11
 8378.488372093067 1.9938353230239656e-11
 8379.566375969036 1.9787804555363408e-11
 8380.644379845005  1.963230405280202e-11
 8381.722383720975 1.9492397985635585e-11
 8382.800387596944 1.9347877193291102e-11
 8383.878391472914 1.9204863824573457e-11
 8384.956395348883 1.9058188943887125e-11
 8386.034399224853   1.89023883320453e-11
 8387.112403100822 1.8756022028954067e-11
 8388.190406976792 1.8618977001985928e-11
 8389.268410852761 1.8494982043193707e-11
  8390.34641472873 1.8388851275379505e-11
   8391.4244186047 1.8286213727078414e-11
  8392.50242248067 1.8177507519528983e-11
 8393.580426356639 1.8078677214421228e-11
 8394.658430232608   1.79702749666374e-11
 8395.736434108578 1.7866223238797724e-11
 8396.814437984547 1.7776503015699607e-11
 8397.892441860517 1.7685804651544465e-11
 8398.970445736486 1.7619934322970615e-11
 8400.048449612455 1.7549279099721034e-11
 8401.126453488425 1.7491657162708135e-11
 8402.204457364394 1.7449613460539166e-11
 8403.282461240364 1.7404484056130634e-11
 8404.360465116333  1.736915593394087e-11
 8405.438468992303 1.7321891967792303e-11
 8406.516472868272 1.7269844377859916e-11
 8407.594476744242 1.7234230390932854e-11
 8408.672480620211  1.719857158470452e-11
  8409.75048449618 1.7164459825371818e-11
  8410.82848837215 1.7146120521543602e-11
  8411.90649224812 1.7120641021013454e-11
 8412.984496124089 1.7102131234957228e-11
 8414.062500000058 1.7087916448487885e-11
 8415.140503876028 1.7059718577281148e-11
 8416.218507751997  1.704661051121063e-11
 8417.296511627967 1.7025205568724766e-11
 8418.374515503936  1.699740809995549e-11
 8419.452519379905 1.6971709121092193e-11
 8420.530523255875  1.694326404802042e-11
 8421.608527131844 1.6927057861741263e-11
 8422.686531007814 1.6920133862829458e-11
 8423.764534883783 1.6900016334027633e-11
 8424.842538759753  1.689006320263263e-11
 8425.920542635722  1.687461979526278e-11
 8426.998546511692 1.6855085600702455e-11
 8428.076550387661 1.6839564206992472e-11
  8429.15455426363  1.681744609060158e-11
   8430.2325581396 1.6804598717040106e-11
  8431.31056201557  1.679052026437164e-11
 8432.388565891539 1.6770484390453046e-11
 8433.466569767508  1.675523189589417e-11
 8434.544573643478 1.6742543044248353e-11
 8435.622577519447  1.673203666807006e-11
 8436.700581395417 1.6719268586796562e-11
 8437.778585271386 1.6703611007697285e-11
 8438.856589147355 1.6683115165285426e-11
 8439.934593023325 1.6666877956167964e-11
 8441.012596899294 1.6648286920833363e-11
 8442.090600775264 1.6632989437610405e-11
 8443.168604651233 1.6611490980749354e-11
 8444.246608527203 1.6592006663201245e-11
 8445.324612403172  1.658265512353051e-11
 8446.402616279142  1.656557440774602e-11
 8447.480620155111 1.6552281095072536e-11
  8448.55862403108 1.6543736681983735e-11
  8449.63662790705  1.653337010023394e-11
  8450.71463178302  1.652180458516497e-11
 8451.792635658989 1.6505257212342942e-11
 8452.870639534958 1.6494593552697035e-11
 8453.948643410928  1.649517505935341e-11
 8455.026647286897  1.649443567805606e-11
 8456.104651162867 1.6499564625981558e-11
 8457.182655038836  1.650480284206115e-11
 8458.260658914805  1.650937246380317e-11
 8459.338662790775 1.6518616606732783e-11
 8460.416666666744 1.6522179795776874e-11
 8461.494670542714  1.651678696814449e-11
 8462.572674418683 1.6516243828047324e-11
 8463.650678294653 1.6513771081586532e-11
 8464.728682170622  1.650432062501593e-11
 8465.806686046591   1.65017836574283e-11
 8466.884689922561 1.6496766083396497e-11
  8467.96269379853  1.649656439360997e-11
   8469.0406976745 1.6489652788887985e-11
  8470.11870155047 1.6476705041699818e-11
 8471.196705426439 1.6466104302326748e-11
 8472.274709302408  1.644854398090756e-11
 8473.352713178378 1.6434733336190535e-11
 8474.430717054347 1.6420844762004802e-11
 8475.508720930316  1.639660684210227e-11
 8476.586724806286   1.63874833422951e-11
 8477.664728682255 1.6372200815114323e-11
 8478.742732558225 1.6354171305298255e-11
 8479.820736434194  1.634568118907003e-11
 8480.898740310164 1.6334374587277916e-11
 8481.976744186133 1.6319899739413775e-11
 8483.054748062103 1.6310057077281614e-11
 8484.132751938072 1.6295384264121483e-11
 8485.210755814041 1.6285070096583366e-11
 8486.288759690011 1.6274976117408587e-11
  8487.36676356598 1.6263584108421317e-11
  8488.44476744195 1.6253272834866947e-11
  8489.52277131792 1.6238998875092452e-11
 8490.600775193889 1.6225722468524616e-11
 8491.678779069858  1.622403654323369e-11
 8492.756782945828  1.621139292361412e-11
 8493.834786821797 1.6210364874510095e-11
 8494.912790697766 1.6203600084798996e-11
 8495.990794573736 1.6183217363672717e-11
 8497.068798449705  1.617449228323014e-11
 8498.146802325675    1.6162712519252e-11
 8499.224806201644 1.6155821293807807e-11
 8500.302810077614 1.6147304152029116e-11
 8501.380813953583 1.6136364578028503e-11
 8502.458817829553  1.612826987038991e-11
 8503.536821705522 1.6122623339175546e-11
 8504.614825581491  1.611857609574651e-11
  8505.69282945746 1.6115576657910502e-11
  8506.77083333343 1.6108152355086716e-11
   8507.8488372094  1.610249995583345e-11
  8508.92684108537 1.6098256081966793e-11
 8510.004844961339 1.6093731529714433e-11
 8511.082848837308 1.6090606665730842e-11
 8512.160852713278 1.6099781470916108e-11
 8513.238856589247 1.6101548629705788e-11
 8514.316860465216 1.6114690708116377e-11
 8515.394864341186 1.6120256811490228e-11
 8516.472868217155 1.6125329737878334e-11
 8517.550872093125 1.6133040337804345e-11
 8518.628875969094  1.614163493581736e-11
 8519.706879845064  1.615196331460422e-11
 8520.784883721033   1.61592624535305e-11
 8521.862887597003 1.6170019429729555e-11
 8522.940891472972  1.618995353651488e-11
 8524.018895348941 1.6205319568672274e-11
  8525.09689922491    1.6226792838041e-11
  8526.17490310088 1.6252516026291387e-11
  8527.25290697685  1.627793266695656e-11
  8528.33091085282  1.629838429672968e-11
 8529.408914728789  1.632344174189299e-11
 8530.486918604758 1.6341807850314678e-11
 8531.564922480728 1.6362262539843186e-11
 8532.642926356697 1.6385944713617586e-11
 8533.720930232666  1.641100583208052e-11
 8534.798934108636  1.643393227209894e-11
 8535.876937984605 1.6454270940923816e-11
 8536.954941860575 1.6482331227946887e-11
 8538.032945736544 1.6506537406959705e-11
 8539.110949612514  1.652354729353804e-11
 8540.188953488483 1.6541437410128524e-11
 8541.266957364453 1.6549772655205312e-11
 8542.344961240422  1.655204067461353e-11
 8543.422965116391 1.6558083627625488e-11
  8544.50096899236  1.656269820607925e-11
  8545.57897286833 1.6569215988334644e-11
   8546.6569767443 1.6572716857373524e-11
  8547.73498062027 1.6571227384737456e-11
 8548.812984496239  1.657096212628521e-11
 8549.890988372208 1.6563840890246946e-11
 8550.968992248178 1.6561077856562388e-11
 8552.046996124147 1.6557713341269324e-11
 8553.125000000116 1.6541474756011905e-11
 8554.203003876086 1.6525286783570416e-11
 8555.281007752055  1.651275106725903e-11
 8556.359011628025 1.6497116339267137e-11
 8557.437015503994 1.6486795362685712e-11
 8558.515019379964 1.6474809119054422e-11
 8559.593023255933 1.6465617860383693e-11
 8560.671027131903  1.645313270439941e-11
 8561.749031007872 1.6436210008466953e-11
 8562.827034883841 1.6422183490145294e-11
  8563.90503875981  1.641036112348805e-11
  8564.98304263578 1.6394293002008935e-11
  8566.06104651175  1.638929164925185e-11
  8567.13905038772 1.6372799946729564e-11
 8568.217054263689 1.6354134261316762e-11
 8569.295058139658  1.634579604680054e-11
 8570.373062015628  1.633318673624856e-11
 8571.451065891597 1.6319229373114293e-11
 8572.529069767566 1.6308164146276946e-11
 8573.607073643536   1.62948774492775e-11
 8574.685077519505  1.628420409121964e-11
 8575.763081395475 1.6269698603018046e-11
 8576.841085271444 1.6258351379309132e-11
 8577.919089147414 1.6249807678327242e-11
 8578.997093023383 1.6236180635630332e-11
 8580.075096899353 1.6230392403774605e-11
 8581.153100775322  1.622785102581042e-11
 8582.231104651291 1.6213956336208475e-11
  8583.30910852726 1.6212155886764314e-11
  8584.38711240323  1.621414986332828e-11
   8585.4651162792  1.621401080234723e-11
  8586.54312015517 1.6219021118284598e-11
 8587.621124031139 1.6225939177172643e-11
 8588.699127907108 1.6230589377500015e-11
 8589.777131783077 1.6232276288498733e-11
 8590.855135659047  1.623554528421798e-11
 8591.933139535016 1.6235712558398292e-11
 8593.011143410986 1.6231937572625038e-11
 8594.089147286955 1.6226911303817202e-11
 8595.167151162925  1.622744228474774e-11
 8596.245155038894  1.622238928268227e-11
 8597.323158914864 1.6217053648247563e-11
 8598.401162790833  1.621688209479359e-11
 8599.479166666802 1.6211700865972582e-11
 8600.557170542772 1.6208462552183987e-11
 8601.635174418741   1.61972147918935e-11
  8602.71317829471 1.6187477403025357e-11
  8603.79118217068 1.6178410638888358e-11
  8604.86918604665  1.616541745799092e-11
  8605.94718992262 1.6158988919396865e-11
 8607.025193798589  1.615099422730665e-11
 8608.103197674558 1.6142810351905017e-11
 8609.181201550527 1.6142675607516376e-11
 8610.259205426497 1.6142079131734012e-11
 8611.337209302466 1.6137457189373606e-11
 8612.415213178436 1.6138045256839352e-11
 8613.493217054405 1.6128473953774625e-11
 8614.571220930375  1.612259702550849e-11
 8615.649224806344 1.6117072221107738e-11
 8616.727228682314  1.610542713990808e-11
 8617.805232558283 1.6101978912249142e-11
 8618.883236434252 1.6098533136755503e-11
 8619.961240310222 1.6084434466356957e-11
 8621.039244186191 1.6082768182541093e-11
  8622.11724806216  1.607823838972593e-11
  8623.19525193813 1.6075358034196794e-11
   8624.2732558141 1.6074963299417492e-11
  8625.35125969007 1.6064583409842632e-11
 8626.429263566039  1.606215692351742e-11
 8627.507267442008 1.6060266811403692e-11
 8628.585271317977  1.604884985169291e-11
 8629.663275193947   1.60470928453093e-11
 8630.741279069916 1.6042835519551854e-11
 8631.819282945886 1.6036300756360123e-11
 8632.897286821855   1.60332647771961e-11
 8633.975290697825  1.602623317532016e-11
 8635.053294573794 1.6019180214149976e-11
 8636.131298449764  1.602308076630699e-11
 8637.209302325733 1.6020664689570825e-11
 8638.287306201702 1.6017750100063357e-11
 8639.365310077672 1.6007297144795506e-11
 8640.443313953641 1.5999235249805596e-11
  8641.52131782961 1.6002703530689418e-11
  8642.59932170558 1.5998191824699722e-11
  8643.67732558155  1.599635035163295e-11
  8644.75532945752  1.599673615827357e-11
 8645.833333333489 1.6001975764012657e-11
 8646.911337209458  1.600769779368062e-11
 8647.989341085427  1.601513415045347e-11
 8649.067344961397 1.6021971554371238e-11
 8650.145348837366 1.6032340761371692e-11
 8651.223352713336  1.604097369244437e-11
 8652.301356589305 1.6048203077620866e-11
 8653.379360465275 1.6056135276038835e-11
 8654.457364341244 1.6066263169355036e-11
 8655.535368217214  1.609041544007746e-11
 8656.613372093183 1.6113825773598348e-11
 8657.691375969152 1.6138073509627208e-11
 8658.769379845122 1.6154565318358326e-11
 8659.847383721091  1.615789162936647e-11
  8660.92538759706  1.616465245943885e-11
  8662.00339147303 1.6162468218069472e-11
    8663.081395349 1.6157781862795854e-11
  8664.15939922497 1.6157817226642873e-11
 8665.237403100939 1.6148567165507845e-11
 8666.315406976908 1.6141061817762083e-11
 8667.393410852877 1.6136315381109445e-11
 8668.471414728847 1.6127939472130808e-11
 8669.549418604816  1.612175272993525e-11
 8670.627422480786 1.6116407230809604e-11
 8671.705426356755  1.609965568089304e-11
 8672.783430232725  1.608666267838291e-11
 8673.861434108694  1.606959438228277e-11
 8674.939437984664 1.6063928494467125e-11
 8676.017441860633  1.608425775124521e-11
 8677.095445736602 1.6100617745398618e-11
 8678.173449612572  1.612188810975961e-11
 8679.251453488541 1.6133559458807788e-11
  8680.32945736451 1.6140103826494944e-11
  8681.40746124048 1.6152660153841443e-11
  8682.48546511645  1.615934165324762e-11
 8683.563468992419 1.6162622530391634e-11
 8684.641472868389 1.6175944316557213e-11
 8685.719476744358 1.6181997467649773e-11
 8686.797480620327 1.6186852937474426e-11
 8687.875484496297 1.6196070058806502e-11
 8688.953488372266 1.6200709397378696e-11
 8690.031492248236 1.6207591602460226e-11
 8691.109496124205 1.6210192637461232e-11
 8692.187500000175  1.619777613969135e-11
 8693.265503876144 1.6193660887985914e-11
 8694.343507752114 1.6182626655261833e-11
 8695.421511628083  1.618530314526616e-11
 8696.499515504052 1.6185381842087894e-11
 8697.577519380022 1.6184840579426576e-11
 8698.655523255991 1.6193042278683568e-11
  8699.73352713196 1.6200084874404912e-11
  8700.81153100793 1.6195722891050002e-11
   8701.8895348839 1.6198741051225237e-11
 8702.967538759869  1.620142473663034e-11
 8704.045542635839 1.6199004419905164e-11
 8705.123546511808 1.6198255592959724e-11
 8706.201550387777  1.619120862741082e-11
 8707.279554263747 1.6185452014853995e-11
 8708.357558139716   1.61786061809737e-11
 8709.435562015686  1.616478185761642e-11
 8710.513565891655  1.615962096207298e-11
 8711.591569767625  1.615301480854779e-11
 8712.669573643594   1.61434790799737e-11
 8713.747577519563  1.614272464077672e-11
 8714.825581395533   1.61319081966861e-11
 8715.903585271502 1.6122946883479335e-11
 8716.981589147472  1.612127596826619e-11
 8718.059593023441 1.6115748888214353e-11
  8719.13759689941  1.611092667090891e-11
  8720.21560077538 1.6106665289929745e-11
  8721.29360465135  1.610438188053261e-11
 8722.371608527319 1.6110110342328715e-11
 8723.449612403288  1.611708777969928e-11
 8724.527616279258 1.6124691208154022e-11
 8725.605620155227 1.6136501154861967e-11
 8726.683624031197  1.614206129646301e-11
 8727.761627907166 1.6145554807778247e-11
 8728.839631783136 1.6157083782388426e-11
 8729.917635659105 1.6166353818812684e-11
 8730.995639535075 1.6181736402003522e-11
 8732.073643411044 1.6199040315800224e-11
 8733.151647287013  1.621622315734856e-11
 8734.229651162983 1.6238182842604327e-11
 8735.307655038952 1.6258771799632828e-11
 8736.385658914922  1.629228743364986e-11
 8737.463662790891 1.6329478210264115e-11
  8738.54166666686 1.6360848907192605e-11
  8739.61967054283 1.6389687336242607e-11
   8740.6976744188 1.6415665486118263e-11
 8741.775678294769  1.643203007869731e-11
 8742.853682170738 1.6452219480228393e-11
 8743.931686046708 1.6468504146807235e-11
 8745.009689922677 1.6483589067491254e-11
 8746.087693798647 1.6493308632708395e-11
 8747.165697674616  1.649635127325271e-11
 8748.243701550586  1.650143525853052e-11
 8749.321705426555 1.6498467924626145e-11
 8750.399709302525  1.648969292273336e-11
 8751.477713178494 1.6486862922165618e-11
 8752.555717054463  1.647044211633811e-11
 8753.633720930433 1.6442021298335946e-11
 8754.711724806402 1.6416625229878026e-11
 8755.789728682372 1.6390789901988376e-11
 8756.867732558341 1.6368598109021373e-11
  8757.94573643431 1.6351223098160566e-11
  8759.02374031028 1.6330568909630914e-11
  8760.10174418625 1.6318060926579918e-11
 8761.179748062219 1.6300060617351558e-11
 8762.257751938188 1.6287580426435515e-11
 8763.335755814158  1.627583131886532e-11
 8764.413759690127 1.6252817640439516e-11
 8765.491763566097 1.6243368927477634e-11
 8766.569767442066 1.6231845037710202e-11
 8767.647771318036  1.621479385091823e-11
 8768.725775194005 1.6205084421160648e-11
 8769.803779069975 1.6199440523332383e-11
 8770.881782945944  1.619463062122731e-11
 8771.959786821913  1.618943347328964e-11
 8773.037790697883 1.6184756715777173e-11
 8774.115794573852 1.6182085602897437e-11
 8775.193798449822 1.6181372347794005e-11
 8776.271802325791  1.618030004404854e-11
  8777.34980620176 1.6185382328529997e-11
  8778.42781007773 1.6188605008780057e-11
   8779.5058139537 1.6195821641036092e-11
 8780.583817829669 1.6207156386030536e-11
 8781.661821705638 1.6214328132087217e-11
 8782.739825581608 1.6223285621199085e-11
 8783.817829457577 1.6235446046327848e-11
 8784.895833333547 1.6241953035193514e-11
 8785.973837209516 1.6250337721423958e-11
 8787.051841085486 1.6253873752128818e-11
 8788.129844961455 1.6260269740310716e-11
 8789.207848837425 1.6274434705278576e-11
 8790.285852713394 1.6284695484378846e-11
 8791.363856589363  1.629467196263433e-11
 8792.441860465333 1.6301858808964465e-11
 8793.519864341302  1.630670851261404e-11
 8794.597868217272 1.6309862337561397e-11
 8795.675872093241  1.631353286888681e-11
  8796.75387596921 1.6319561073108136e-11
  8797.83187984518  1.632762663740069e-11
  8798.90988372115 1.6330477396493288e-11
 8799.987887597119 1.6331569676963542e-11
 8801.065891473088  1.633279655294257e-11
 8802.143895349058  1.633209704276443e-11
 8803.221899225027  1.633390452507531e-11
 8804.299903100997 1.6335840656849288e-11
 8805.377906976966 1.6328795604985976e-11
 8806.455910852936 1.6320907704264186e-11
 8807.533914728905 1.6315111122173284e-11
 8808.611918604875 1.6310740645355012e-11
 8809.689922480844  1.630710682619229e-11
 8810.767926356813 1.6305130751833024e-11
 8811.845930232783 1.6309069167013445e-11
 8812.923934108752 1.6309653748783268e-11
 8814.001937984722  1.629867097258696e-11
 8815.079941860691  1.629382879514756e-11
  8816.15794573666  1.628689496070108e-11
  8817.23594961263  1.627582898223464e-11
   8818.3139534886  1.627267756230044e-11
 8819.391957364569 1.6261569243500002e-11
 8820.469961240538 1.6253019462158688e-11
 8821.547965116508  1.625047112890302e-11
 8822.625968992477  1.624803636026944e-11
 8823.703972868447  1.624384682701677e-11
 8824.781976744416 1.6241214065178682e-11
 8825.859980620386 1.6236274656746272e-11
 8826.937984496355 1.6233719841066167e-11
 8828.015988372325 1.6220082639449955e-11
 8829.093992248294 1.6211994188693225e-11
 8830.171996124263 1.6213651505212963e-11
 8831.250000000233 1.6214960535075068e-11
 8832.328003876202 1.6214057708053803e-11
 8833.406007752172 1.6220274342659003e-11
 8834.484011628141 1.6226566506198336e-11
  8835.56201550411 1.6241973107645616e-11
  8836.64001938008 1.6254510386272228e-11
  8837.71802325605  1.625967367725762e-11
 8838.796027132019 1.6273389030698234e-11
 8839.874031007988 1.6283176872323247e-11
 8840.952034883958 1.6293702870502892e-11
 8842.030038759927 1.6311481058249078e-11
 8843.108042635897 1.6327974809938288e-11
 8844.186046511866  1.635203242486867e-11
 8845.264050387836  1.637402759855669e-11
 8846.342054263805 1.6395636751947774e-11
 8847.420058139774   1.64249465442513e-11
 8848.498062015744 1.6466862227632373e-11
 8849.576065891713  1.651739490802321e-11
 8850.654069767683 1.6566599002689237e-11
 8851.732073643652  1.660896444335123e-11
 8852.810077519622 1.6641035419220017e-11
 8853.888081395591  1.667122158212698e-11
  8854.96608527156 1.6693407517553996e-11
  8856.04408914753  1.671582709774694e-11
   8857.1220930235   1.67332591370306e-11
 8858.200096899469  1.673860905493578e-11
 8859.278100775438 1.6743000190824478e-11
 8860.356104651408 1.6741807810266247e-11
 8861.434108527377 1.6738359907338545e-11
 8862.512112403347 1.6733568659636845e-11
 8863.590116279316  1.672347389660333e-11
 8864.668120155286  1.669934517266871e-11
 8865.746124031255  1.666762489064834e-11
 8866.824127907224  1.662670462968327e-11
 8867.902131783194 1.6592266113634102e-11
 8868.980135659163 1.6568717997343458e-11
 8870.058139535133 1.6547922132882778e-11
 8871.136143411102 1.6532850108298238e-11
 8872.214147287072 1.6518095301612906e-11
 8873.292151163041 1.6504937924754794e-11
  8874.37015503901 1.6497581626098596e-11
  8875.44815891498  1.648954594511891e-11
  8876.52616279095 1.6487908843999414e-11
 8877.604166666919 1.6484082231059816e-11
 8878.682170542888 1.6476478956742804e-11
 8879.760174418858  1.647341201748951e-11
 8880.838178294827  1.647188479824355e-11
 8881.916182170797 1.6466386333809596e-11
 8882.994186046766 1.6467909320907414e-11
 8884.072189922736  1.646619551979601e-11
 8885.150193798705  1.646961899693018e-11
 8886.228197674674 1.6475873088924307e-11
 8887.306201550644 1.6481838753643014e-11
 8888.384205426613 1.6492129367640918e-11
 8889.462209302583 1.6500180526902022e-11
 8890.540213178552 1.6510081272543954e-11
 8891.618217054522 1.6520680704588862e-11
 8892.696220930491 1.6527703020853842e-11
  8893.77422480646  1.653762501193398e-11
  8894.85222868243  1.654522515433708e-11
   8895.9302325584 1.6546019005612662e-11
 8897.008236434369 1.6559882849181008e-11
 8898.086240310338 1.6576788610985892e-11
 8899.164244186308 1.6584723253102742e-11
 8900.242248062277  1.659546073644839e-11
 8901.320251938247 1.6595951707797733e-11
 8902.398255814216 1.6592453525902213e-11
 8903.476259690186 1.6589322113202097e-11
 8904.554263566155 1.6579720243977464e-11
 8905.632267442124  1.657603575144946e-11
 8906.710271318094   1.65686916497745e-11
 8907.788275194063  1.656363169650524e-11
 8908.866279070033 1.6561493458545894e-11
 8909.944282946002  1.655334490088436e-11
 8911.022286821972 1.6549016329175928e-11
 8912.100290697941   1.65481333334998e-11
  8913.17829457391 1.6536629696344626e-11
  8914.25629844988 1.6530250968669086e-11
  8915.33430232585  1.653070264986956e-11
 8916.412306201819 1.6531901509264202e-11
 8917.490310077788 1.6536450181809114e-11
 8918.568313953758 1.6544948821894187e-11
 8919.646317829727 1.6557544002549267e-11
 8920.724321705697    1.6583903273841e-11
 8921.802325581666 1.6599465439865667e-11
 8922.880329457636  1.660905998921406e-11
 8923.958333333605  1.661693766543422e-11
 8925.036337209574  1.662235310697029e-11
 8926.114341085544 1.6639558609468996e-11
 8927.192344961513 1.6648110950418097e-11
 8928.270348837483 1.6657491094174454e-11
 8929.348352713452  1.666911686782141e-11
 8930.426356589422 1.6676755391161186e-11
 8931.504360465391   1.66915212657893e-11
  8932.58236434136 1.6703680095547635e-11
  8933.66036821733 1.6713444492301644e-11
   8934.7383720933 1.6716735406028348e-11
 8935.816375969269 1.6715205469529425e-11
 8936.894379845238 1.6717809102512642e-11
 8937.972383721208  1.672780676836686e-11
 8939.050387597177 1.6739793541246727e-11
 8940.128391473147 1.6745207188159142e-11
 8941.206395349116 1.6746861328299417e-11
 8942.284399225086 1.6748469802614064e-11
 8943.362403101055 1.6769982753752917e-11
 8944.440406977024  1.679162162132783e-11
 8945.518410852994 1.6815381808418543e-11
 8946.596414728963  1.681471145209094e-11
 8947.674418604933 1.6788142611304375e-11
 8948.752422480902   1.67609119620719e-11
 8949.830426356872  1.674835603043007e-11
 8950.908430232841 1.6745340991051175e-11
  8951.98643410881   1.67426881056069e-11
  8953.06443798478 1.6727961405002636e-11
  8954.14244186075 1.6712354831662456e-11
 8955.220445736719 1.6702780430098424e-11
 8956.298449612688  1.669703825247316e-11
 8957.376453488658 1.6695893013827554e-11
 8958.454457364627 1.6674245392664052e-11
 8959.532461240597 1.6640027935344542e-11
 8960.610465116566 1.6620594486871387e-11
 8961.688468992535  1.659748647328198e-11
 8962.766472868505 1.6595786345385365e-11
 8963.844476744474 1.6613097399502563e-11
 8964.922480620444 1.6631256536005873e-11
 8966.000484496413 1.6650171377640032e-11
 8967.078488372383  1.665844294264787e-11
 8968.156492248352 1.6652474143467177e-11
 8969.234496124322 1.6655347494730226e-11
 8970.312500000291 1.6658551694365935e-11
  8971.39050387626 1.6662086742374298e-11
  8972.46850775223 1.6665952638755317e-11
   8973.5465116282 1.6668863353008166e-11
 8974.624515504169 1.6666392238959787e-11
 8975.702519380138 1.6685857732790767e-11
 8976.780523256108 1.6687125129893804e-11
 8977.858527132077  1.668775140653393e-11
 8978.936531008047 1.6687736562711152e-11
 8980.014534884016  1.668708059842547e-11
 8981.092538759985  1.668578351367688e-11
 8982.170542635955    1.6671416213505e-11
 8983.248546511924 1.6663919381194806e-11
 8984.326550387894 1.6627952734736838e-11
 8985.404554263863 1.6574367868539276e-11
 8986.482558139833 1.6545071951909715e-11
 8987.560562015802 1.6552008679972578e-11
 8988.638565891772 1.6556856594726924e-11
 8989.716569767741  1.656489558685804e-11
  8990.79457364371 1.6597664320101376e-11
  8991.87257751968 1.6612475184286184e-11
  8992.95058139565 1.6630866843147917e-11
 8994.028585271619 1.6661674487071953e-11
 8995.106589147588   1.67033166926614e-11
 8996.184593023558  1.673360657143261e-11
 8997.262596899527 1.6762620016532574e-11
 8998.340600775497 1.6792064921644002e-11
 8999.418604651466 1.6821941286766887e-11
 9000.496608527435 1.6892573983893044e-11
 9001.574612403405  1.697235534139901e-11
 9002.652616279374 1.7027889492048288e-11
 9003.730620155344  1.704723274071643e-11
 9004.808624031313   1.70687065454044e-11
 9005.886627907283 1.7087031015426913e-11
 9006.964631783252  1.710220615078395e-11
 9008.042635659222  1.711423195147553e-11
 9009.120639535191  1.712310841750165e-11
  9010.19864341116  1.708402878188774e-11
  9011.27664728713 1.7044268630647638e-11
   9012.3546511631  1.704132184034995e-11
 9013.432655039069 1.7040467934831637e-11
 9014.510658915038  1.703999902040998e-11
 9015.588662791008  1.703991509708498e-11
 9016.666666666977  1.704021616485664e-11
 9017.744670542947  1.704090222372496e-11
 9018.822674418916 1.7022444116838155e-11
 9019.900678294885 1.7002905507763972e-11
 9020.978682170855  1.700832097906447e-11
 9022.056686046824  1.703049752662778e-11
 9023.134689922794 1.7048721873082516e-11
 9024.212693798763  1.705234353671916e-11
 9025.290697674733  1.705496168495443e-11
 9026.368701550702 1.7097081386599822e-11
 9027.446705426672 1.7133156010974935e-11
 9028.524709302641 1.7156475481160044e-11
  9029.60271317861 1.7176539635118064e-11
  9030.68071705458 1.7199811730903455e-11
  9031.75872093055 1.7236766934440248e-11
 9032.836724806519 1.7273523809435456e-11
 9033.914728682488  1.730303851894374e-11
 9034.992732558458 1.7334517152082477e-11
 9036.070736434427 1.7345285153978342e-11
 9037.148740310397 1.7335419876440756e-11
 9038.226744186366  1.732754393270533e-11
 9039.304748062335  1.732112789699758e-11
 9040.382751938305 1.7334573254448938e-11
 9041.460755814274 1.7346298924213486e-11
 9042.538759690244 1.7369902586853627e-11
 9043.616763566213 1.7395681294281798e-11
 9044.694767442183 1.7397533325879105e-11
 9045.772771318152   1.73796192783395e-11
 9046.850775194122 1.7351287083823795e-11
 9047.928779070091 1.7317471073737037e-11
  9049.00678294606 1.7305737075031477e-11
  9050.08478682203 1.7293854504907486e-11
    9051.162790698  1.729955326981761e-11
 9052.240794573969 1.7327444261067447e-11
 9053.318798449938 1.7351415544285524e-11
 9054.396802325908 1.7357037510348082e-11
 9055.474806201877 1.7371190608301988e-11
 9056.552810077847 1.7365056826956692e-11
 9057.630813953816 1.7371718884070418e-11
 9058.708817829785 1.7362842933185577e-11
 9059.786821705755 1.7347631561921138e-11
 9060.864825581724 1.7343589579730746e-11
 9061.942829457694   1.73617011349736e-11
 9063.020833333663  1.738615503743442e-11
 9064.098837209633 1.7401541789784143e-11
 9065.176841085602 1.7398501007595247e-11
 9066.254844961572 1.7383003987065947e-11
 9067.332848837541 1.7367243955347436e-11
  9068.41085271351  1.736260099080241e-11
  9069.48885658948 1.7357490981015805e-11
  9070.56686046545 1.7351913925987637e-11
 9071.644864341419  1.734023207981692e-11
 9072.722868217388  1.734351245027226e-11
 9073.800872093358  1.731993986171439e-11
 9074.878875969327  1.729510403520607e-11
 9075.956879845296  1.729198517119839e-11
 9077.034883721266   1.72907553815855e-11
 9078.112887597235   1.72914146663674e-11
 9079.190891473205 1.7293963025544083e-11
 9080.268895349174  1.728584458325606e-11
 9081.346899225144 1.7292355690934306e-11
 9082.424903101113 1.7315397910015933e-11
 9083.502906977083 1.7339957588638664e-11
 9084.580910853052  1.735465464843982e-11
 9085.658914729021  1.737107320183445e-11
 9086.736918604991 1.7395981541427108e-11
  9087.81492248096   1.74239351512015e-11
  9088.89292635693 1.7444244198204563e-11
   9089.9709302329 1.7482260211249055e-11
 9091.048934108869 1.7522596142945073e-11
 9092.126937984838 1.7542624621373583e-11
 9093.204941860808  1.756217353464045e-11
 9094.282945736777 1.7570913638737923e-11
 9095.360949612746 1.7589060369013518e-11
 9096.438953488716  1.761884035731898e-11
 9097.516957364685 1.7630633245991567e-11
 9098.594961240655 1.7645840597140945e-11
 9099.672965116624  1.765987599676003e-11
 9100.750968992594  1.767273944484881e-11
 9101.828972868563 1.7673093080832526e-11
 9102.906976744533 1.7676089119554264e-11
 9103.984980620502  1.768650376283319e-11
 9105.062984496471 1.7696380443250294e-11
 9106.140988372441  1.770565679335316e-11
  9107.21899224841  1.771433281314178e-11
  9108.29699612438  1.772240850261616e-11
  9109.37500000035   1.77298838617763e-11
 9110.453003876319 1.7747088134629954e-11
 9111.531007752288 1.7753805885829598e-11
 9112.609011628258  1.772312463353949e-11
 9113.687015504227 1.7712630942161512e-11
 9114.765019380196 1.7722929182886333e-11
 9115.843023256166  1.775079507418651e-11
 9116.921027132135  1.776048635736118e-11
 9117.999031008105   1.77828453219384e-11
 9119.077034884074 1.7795951460470526e-11
 9120.155038760044 1.7800473087154707e-11
 9121.233042636013 1.7815056602362992e-11
 9122.311046511983 1.7831127216045332e-11
 9123.389050387952  1.784868492820172e-11
 9124.467054263921 1.7867729738832155e-11
  9125.54505813989  1.788826164793664e-11
  9126.62306201586 1.7910280655515177e-11
  9127.70106589183  1.793378676156776e-11
   9128.7790697678 1.7996021691937887e-11
 9129.857073643769  1.799227645571204e-11
 9130.935077519738 1.7983676484665834e-11
 9132.013081395708  1.798434828086742e-11
 9133.091085271677 1.8021765105051444e-11
 9134.169089147646 1.8073759635655935e-11
 9135.247093023616  1.812440926048394e-11
 9136.325096899585 1.8165037677679712e-11
 9137.403100775555 1.8201362458057636e-11
 9138.481104651524  1.823173523334508e-11
 9139.559108527494 1.8263988595433186e-11
 9140.637112403463 1.8293290688805608e-11
 9141.715116279433  1.832026595801619e-11
 9142.793120155402  1.834491440306493e-11
 9143.871124031371 1.8367236023951817e-11
  9144.94912790734 1.8387230820676867e-11
  9146.02713178331 1.8452021219751718e-11
  9147.10513565928 1.8514381155539832e-11
  9148.18313953525 1.8510604776157917e-11
 9149.261143411219 1.8477096220794724e-11
 9150.339147287188 1.8446789741117985e-11
 9151.417151163158  1.843750321409588e-11
 9152.495155039127  1.844393243669276e-11
 9153.573158915096 1.8447534697515172e-11
 9154.651162791066 1.8460336366061953e-11
 9155.729166667035 1.8467291787456926e-11
 9156.807170543005 1.8479408687143308e-11
 9157.885174418974 1.8506967371949908e-11
 9158.963178294944  1.854994004478286e-11
 9160.041182170913  1.858592923436326e-11
 9161.119186046883  1.861631090093121e-11
 9162.197189922852  1.863845135865195e-11
 9163.275193798821  1.864647646509404e-11
  9164.35319767479 1.8693189851600087e-11
  9165.43120155076 1.8750456376947564e-11
  9166.50920542673 1.8788004682077386e-11
   9167.5872093027 1.8803939502218332e-11
 9168.665213178669 1.8800318533504516e-11
 9169.743217054638  1.880120982976633e-11
 9170.821220930608  1.879141483735935e-11
 9171.899224806577  1.880544892055513e-11
 9172.977228682546  1.882795603316688e-11
 9174.055232558516 1.8819525704566774e-11
 9175.133236434485 1.8797750105431345e-11
 9176.211240310455   1.87850267070395e-11
 9177.289244186424 1.8779979549151133e-11
 9178.367248062394  1.876565814502267e-11
 9179.445251938363 1.8754797077811106e-11
 9180.523255814333  1.876084827622728e-11
 9181.601259690302 1.8781084399215087e-11
 9182.679263566271  1.880292776557909e-11
  9183.75726744224 1.8828680745964164e-11
  9184.83527131821 1.8871874970686365e-11
  9185.91327519418 1.8898036893008548e-11
  9186.99127907015  1.893265436660829e-11
 9188.069282946119 1.8948425090199107e-11
 9189.147286822088  1.893086530007785e-11
 9190.225290698058 1.8938975038029875e-11
 9191.303294574027   1.89502320869732e-11
 9192.381298449996 1.8967316891928455e-11
 9193.459302325966  1.899133692659715e-11
 9194.537306201935 1.9038549013318673e-11
 9195.615310077905  1.909324036773131e-11
 9196.693313953874 1.9137590893290512e-11
 9197.771317829844 1.9170773460001078e-11
 9198.849321705813 1.9204926318605356e-11
 9199.927325581782 1.9236467147938163e-11
 9201.005329457752 1.9257439036784613e-11
 9202.083333333721 1.9295105044854113e-11
  9203.16133720969 1.9332999393901442e-11
  9204.23934108566  1.937664678924819e-11
  9205.31734496163  1.944675265052571e-11
   9206.3953488376 1.9507988319746566e-11
 9207.473352713569  1.956716586816806e-11
 9208.551356589538 1.9613424195920713e-11
 9209.629360465507  1.964082245056405e-11
 9210.707364341477 1.9665372542613314e-11
 9211.785368217446  1.968801269150613e-11
 9212.863372093416 1.9709849981992284e-11
 9213.941375969385 1.9730255378165467e-11
 9215.019379845355  1.974966831047877e-11
 9216.097383721324 1.9769368729452503e-11
 9217.175387597294 1.9795704724742776e-11
 9218.253391473263 1.9824643870126024e-11
 9219.331395349232  1.985198464258807e-11
 9220.409399225202 1.9872202336807317e-11
 9221.487403101171 1.9900467026855487e-11
  9222.56540697714 1.9927224191831804e-11
  9223.64341085311 1.9941693385778422e-11
  9224.72141472908 1.9959309134338038e-11
  9225.79941860505 1.9995555768658365e-11
 9226.877422481019 2.0023192145601482e-11
 9227.955426356988 2.0039161539125624e-11
 9229.033430232957 2.0048901885704623e-11
 9230.111434108927 2.0064339393991764e-11
 9231.189437984896 2.0066845875812192e-11
 9232.267441860866 2.0066402577361278e-11
 9233.345445736835 2.0069498900763552e-11
 9234.423449612805 2.0078628826499248e-11
 9235.501453488774 2.0093293974233644e-11
 9236.579457364744 2.0108337654863716e-11
 9237.657461240713 2.0097436772045206e-11
 9238.735465116682  2.007432959263732e-11
 9239.813468992652  2.006414554548492e-11
 9240.891472868621  2.006725179099857e-11
  9241.96947674459 2.0071972959537164e-11
  9243.04748062056 2.0085837385593505e-11
  9244.12548449653 2.0094858654000475e-11
   9245.2034883725 2.0101924008476513e-11
 9246.281492248469 2.0099252367234353e-11
 9247.359496124438 2.0102703899515722e-11
 9248.437500000407 2.0107352315389012e-11
 9249.515503876377  2.010813822875204e-11
 9250.593507752346 2.0112558370196636e-11
 9251.671511628316 2.0118841220637074e-11
 9252.749515504285 2.0118426353344645e-11
 9253.827519380255 2.0119965165755753e-11
 9254.905523256224  2.012172085008877e-11
 9255.983527132194 2.0126196041938562e-11
 9257.061531008163 2.0127952701560958e-11
 9258.139534884132   2.01150162460378e-11
 9259.217538760102 2.0104837516439725e-11
 9260.295542636071 2.0114343173988044e-11
  9261.37354651204 2.0122227188165925e-11
  9262.45155038801  2.014305880214889e-11
  9263.52955426398  2.017345025391925e-11
  9264.60755813995 2.0206320361033986e-11
 9265.685562015919 2.0241991656434803e-11
 9266.763565891888 2.0263863469349857e-11
 9267.841569767857 2.0278509091111055e-11
 9268.919573643827 2.0301227727400282e-11
 9269.997577519796  2.033729510675989e-11
 9271.075581395766  2.038909862646031e-11
 9272.153585271735 2.0434882418804573e-11
 9273.231589147705  2.046793778764879e-11
 9274.309593023674  2.050477689179445e-11
 9275.387596899644 2.0551704501168843e-11
 9276.465600775613 2.0604256283883856e-11
 9277.543604651582 2.0663638806726765e-11
 9278.621608527552   2.07039851477231e-11
 9279.699612403521 2.0733393995912762e-11
  9280.77761627949 2.0760455377160486e-11
  9281.85562015546 2.0786063149696736e-11
  9282.93362403143 2.0822558992318125e-11
 9284.011627907399  2.086675736818241e-11
 9285.089631783369 2.0907631200074477e-11
 9286.167635659338 2.0949129748771992e-11
 9287.245639535307 2.0980768924101564e-11
 9288.323643411277  2.100561526746125e-11
 9289.401647287246 2.1045497708910977e-11
 9290.479651163216 2.1074337205599022e-11
 9291.557655039185 2.1099753677444837e-11
 9292.635658915155 2.1102983357833053e-11
 9293.713662791124 2.1095415578895728e-11
 9294.791666667094 2.1113364144829682e-11
 9295.869670543063 2.1125198059823982e-11
 9296.947674419032 2.1131618807529877e-11
 9298.025678295002 2.1156796516125773e-11
 9299.103682170971 2.1191772248085497e-11
  9300.18168604694 2.1212799714192165e-11
  9301.25968992291 2.1236622898516695e-11
  9302.33769379888 2.1227552771878486e-11
 9303.415697674849  2.121418702756181e-11
 9304.493701550819  2.122324251591387e-11
 9305.571705426788 2.1231406822155317e-11
 9306.649709302757 2.1252573809895895e-11
 9307.727713178727 2.1262396196587036e-11
 9308.805717054696 2.1277628947588542e-11
 9309.883720930666 2.1301918097389604e-11
 9310.961724806635 2.1307033360929564e-11
 9312.039728682605 2.1317242899819266e-11
 9313.117732558574  2.134865846704817e-11
 9314.195736434544 2.1360559354452696e-11
 9315.273740310513 2.1356172780462193e-11
 9316.351744186482 2.1358127179224318e-11
 9317.429748062452 2.1359123554033104e-11
 9318.507751938421  2.138659642034846e-11
  9319.58575581439 2.1430163840313582e-11
  9320.66375969036 2.1450791777869916e-11
  9321.74176356633 2.1476357954514027e-11
 9322.819767442299 2.1502258794139098e-11
 9323.897771318268  2.152849429674514e-11
 9324.975775194238  2.155506446233214e-11
 9326.053779070207   2.15819692909001e-11
 9327.131782946177  2.161246132220338e-11
 9328.209786822146 2.1676429428502056e-11
 9329.287790698116 2.1709487854153347e-11
 9330.365794574085  2.173529371414151e-11
 9331.443798450055 2.1751851141500622e-11
 9332.521802326024 2.1761981061088992e-11
 9333.599806201993 2.1796784078443185e-11
 9334.677810077963 2.1812774406661236e-11
 9335.755813953932 2.1822654382185805e-11
 9336.833817829902  2.187588071580831e-11
 9337.911821705871  2.186201149701822e-11
  9338.98982558184  2.185897896371502e-11
  9340.06782945781 2.1899685306970463e-11
  9341.14583333378 2.1926948447008272e-11
 9342.223837209749 2.1956201986381117e-11
 9343.301841085718 2.1987445925088988e-11
 9344.379844961688 2.1996211316982825e-11
 9345.457848837657 2.2023506881379215e-11
 9346.535852713627  2.205957967608457e-11
 9347.613856589596 2.2127901755202285e-11
 9348.691860465566 2.2180512665577115e-11
 9349.769864341535 2.2169013237664818e-11
 9350.847868217505 2.2223198233425706e-11
 9351.925872093474 2.2281107012428342e-11
 9353.003875969443 2.2305583529651677e-11
 9354.081879845413 2.2385201163512784e-11
 9355.159883721382 2.2455303272809974e-11
 9356.237887597352  2.248298766647152e-11
 9357.315891473321 2.2525436424273684e-11
  9358.39389534929  2.256721594366381e-11
  9359.47189922526 2.2608326224641885e-11
  9360.54990310123  2.266264605010485e-11
 9361.627906977199  2.265902480988618e-11
 9362.705910853168 2.2680879440739336e-11
 9363.783914729138 2.2708807727373796e-11
 9364.861918605107  2.275081442444006e-11
 9365.939922481077 2.2845808396847454e-11
 9367.017926357046 2.2887187746848375e-11
 9368.095930233016 2.2924942564542377e-11
 9369.173934108985  2.296306246231346e-11
 9370.251937984955 2.3001547440161622e-11
 9371.329941860924 2.3040397498086866e-11
 9372.407945736893 2.3079612636089194e-11
 9373.485949612863 2.3098299324753273e-11
 9374.563953488832 2.3149193905691053e-11
 9375.641957364802 2.3199753207671093e-11
 9376.719961240771  2.320268862297874e-11
  9377.79796511674  2.327536564730019e-11
  9378.87596899271 2.3328492313209077e-11
  9379.95397286868  2.336451127869582e-11
 9381.031976744649  2.341142516758906e-11
 9382.109980620618 2.3447623678987146e-11
 9383.187984496588 2.3500091063267126e-11
 9384.265988372557   2.35562163119451e-11
 9385.343992248527 2.3614211470756323e-11
 9386.421996124496 2.3674076539700797e-11
 9387.500000000466  2.373581151877852e-11
 9388.578003876435  2.379941640798949e-11
 9389.656007752405 2.3896470295789655e-11
 9390.734011628374 2.3941265953379804e-11
 9391.812015504343 2.3997260617942546e-11
 9392.890019380313  2.408732168521678e-11
 9393.968023256282  2.416523426968287e-11
 9395.046027132252 2.4236873402013687e-11
 9396.124031008221 2.4306852231679744e-11
  9397.20203488419 2.4366380071939652e-11
  9398.28003876016 2.4425891195392022e-11
  9399.35804263613 2.4473788231888934e-11
 9400.436046512099 2.4520581465266944e-11
 9401.514050388068 2.4568819075566525e-11
 9402.592054264038 2.4614224265366166e-11
 9403.670058140007 2.4655630851329213e-11
 9404.748062015977 2.4693038833455656e-11
 9405.826065891946  2.471576265270487e-11
 9406.904069767916  2.477362275161371e-11
 9407.982073643885  2.481087733947613e-11
 9409.060077519855 2.4840456390487026e-11
 9410.138081395824 2.4861442942157555e-11
 9411.216085271793 2.4877836994298675e-11
 9412.294089147763  2.488050876760252e-11
 9413.372093023732 2.4887381098628255e-11
 9414.450096899702 2.4888019714777286e-11
 9415.528100775671 2.4891820328078266e-11
  9416.60610465164 2.4892420211813708e-11
  9417.68410852761  2.484878830583412e-11
  9418.76211240358 2.4755510753607036e-11
 9419.840116279549  2.468050417231218e-11
 9420.918120155518  2.467713566553294e-11
 9421.996124031488 2.4677515373069693e-11
 9423.074127907457 2.4664793739572863e-11
 9424.152131783427 2.4663798489797332e-11
 9425.230135659396    2.4672142078627e-11
 9426.308139535366 2.4690741468550692e-11
 9427.386143411335 2.4715596659757473e-11
 9428.464147287305  2.474670765224733e-11
 9429.542151163274 2.4792599404940482e-11
 9430.620155039243 2.4837485343408827e-11
 9431.698158915213  2.490302494080542e-11
 9432.776162791182 2.4915847005778183e-11
 9433.854166667152 2.5009349652093724e-11
 9434.932170543121   2.51530878926008e-11
  9436.01017441909 2.5280311293456366e-11
  9437.08817829506 2.5337652751077022e-11
  9438.16618217103 2.5393002125662403e-11
 9439.244186046999  2.544635941721251e-11
 9440.322189922968 2.5497724625727328e-11
 9441.400193798938 2.5547097751206874e-11
 9442.478197674907 2.5594478793651146e-11
 9443.556201550877  2.563986775306013e-11
 9444.634205426846  2.568326462943384e-11
 9445.712209302816 2.5684726279879058e-11
 9446.790213178785 2.5721729862540777e-11
 9447.868217054754 2.5741197720292937e-11
 9448.946220930724  2.581650104448762e-11
 9450.024224806693 2.5850522943347997e-11
 9451.102228682663  2.588339905797927e-11
 9452.180232558632  2.591512938838142e-11
 9453.258236434602 2.5945713934554464e-11
 9454.336240310571 2.5975152696498396e-11
  9455.41424418654 2.6003445674213216e-11
  9456.49224806251 2.6030592867698923e-11
  9457.57025193848 2.6056594276955524e-11
 9458.648255814449 2.6081449901983006e-11
 9459.726259690418  2.610515974278138e-11
 9460.804263566388 2.6127723799350646e-11
 9461.882267442357 2.6180560255663805e-11
 9462.960271318327  2.620197852800396e-11
 9464.038275194296 2.6223396800344117e-11
 9465.116279070266  2.624481507268426e-11
 9466.194282946235 2.6266233345024414e-11
 9467.272286822204 2.6287651617364568e-11
 9468.350290698174 2.6309069889704716e-11
 9469.428294574143  2.633048816204487e-11
 9470.506298450113 2.6351906434385026e-11
 9471.584302326082 2.6373324706725177e-11
 9472.662306202052 2.6270124605540996e-11
 9473.740310078021   2.62919611680168e-11
  9474.81831395399  2.631421602062827e-11
  9475.89631782996 2.6336889163375396e-11
  9476.97432170593  2.635998059625818e-11
 9478.052325581899 2.6383490319276622e-11
 9479.130329457868 2.6407418332430726e-11
 9480.208333333838  2.643176463572048e-11
 9481.286337209807 2.6456529229145898e-11
 9482.364341085777 2.6481712112706966e-11
 9483.442344961746 2.6507313286403698e-11
 9484.520348837716 2.6533332750236087e-11
 9485.598352713685 2.6493186305416655e-11
 9486.676356589654 2.6520480844355747e-11
 9487.754360465624 2.6548632168265875e-11
 9488.832364341593 2.6702258650671376e-11
 9489.910368217563  2.673170525438792e-11
 9490.988372093532 2.6761590352939857e-11
 9492.066375969502 2.6751128165867962e-11
 9493.144379845471 2.6782644893682277e-11
  9494.22238372144 2.6815354755923576e-11
  9495.30038759741 2.6849257752591873e-11
  9496.37839147338  2.688435388368716e-11
 9497.456395349349  2.692064314920945e-11
 9498.534399225318 2.6958125549158727e-11
 9499.612403101288 2.6996801083534998e-11
 9500.690406977257  2.703666975233826e-11
 9501.768410853227 2.7144315754356002e-11
 9502.846414729196  2.718613219717787e-11
 9503.924418605166  2.722870327959135e-11
 9505.002422481135  2.727202900159645e-11
 9506.080426357104 2.7316109363193156e-11
 9507.158430233074  2.736094436438148e-11
 9508.236434109043 2.7408538781181262e-11
 9509.314437985013  2.745468845716727e-11
 9510.392441860982  2.750139816835935e-11
 9511.470445736952 2.7548667914757504e-11
 9512.548449612921 2.7596497696361728e-11
  9513.62645348889 2.7601560680107195e-11
  9514.70445736486 2.7651365033369993e-11
  9515.78246124083 2.7702583923085287e-11
 9516.860465116799  2.775521734925307e-11
 9517.938468992768 2.7809265311873355e-11
 9519.016472868738 2.7864727810946123e-11
 9520.094476744707 2.7921604846471396e-11
 9521.172480620677  2.797989641844916e-11
 9522.250484496646  2.803960252687942e-11
 9523.328488372616 2.8100723171762176e-11
 9524.406492248585 2.8202039357536772e-11
 9525.484496124554  2.826542904011843e-11
 9526.562500000524 2.8323167741747416e-11
 9527.640503876493  2.837434320643968e-11
 9528.718507752463  2.843526465477606e-11
 9529.796511628432  2.853672674772625e-11
 9530.874515504402 2.8591221317914146e-11
 9531.952519380371 2.8642075198404595e-11
  9533.03052325634 2.8689288389197593e-11
  9534.10852713231 2.8732860890293146e-11
  9535.18653100828  2.877279270169125e-11
 9536.264534884249 2.8809083823391898e-11
 9537.342538760218 2.8841734255395103e-11
 9538.420542636188  2.887074399770086e-11
 9539.498546512157  2.889611305030916e-11
 9540.576550388127 2.8917841413220013e-11
 9541.654554264096 2.8935929086433425e-11
 9542.732558140066  2.895688155214848e-11
 9543.810562016035  2.898161106634923e-11
 9544.888565892004  2.893560649137332e-11
 9545.966569767974  2.894665050940609e-11
 9547.044573643943 2.8956541203366043e-11
 9548.122577519913 2.8965278573253153e-11
 9549.200581395882 2.8972862619067446e-11
 9550.278585271852  2.897929334080891e-11
 9551.356589147821 2.8984570738477545e-11
  9552.43459302379 2.8988694812073345e-11
  9553.51259689976 2.8991665561596324e-11
  9554.59060077573 2.8926217659592067e-11
 9555.668604651699 2.8855214275564536e-11
 9556.746608527668  2.882782704022496e-11
 9557.824612403638 2.8828046038144644e-11
 9558.902616279607 2.8828158285930393e-11
 9559.980620155577  2.882816378358221e-11
 9561.058624031546  2.888626444818161e-11
 9562.136627907516   2.88872097696384e-11
 9563.214631783485 2.8889201665034075e-11
 9564.292635659454  2.889224013436865e-11
 9565.370639535424 2.8896325177642126e-11
 9566.448643411393 2.8901456794854496e-11
 9567.526647287363 2.8907634986005763e-11
 9568.604651163332  2.891485975109593e-11
 9569.682655039302 2.8923131090124992e-11
 9570.760658915271 2.8973676184731274e-11
  9571.83866279124 2.8940830841308935e-11
  9572.91666666721 2.8976741162572244e-11
  9573.99467054318  2.898505816733645e-11
 9575.072674419149  2.899349483899473e-11
 9576.150678295118 2.9002051177547105e-11
 9577.228682171088 2.9010727182993556e-11
 9578.306686047057 2.9019522855334082e-11
 9579.384689923027 2.9004221086563776e-11
 9580.462693798996 2.8965181674433726e-11
 9581.540697674965   2.89306045552616e-11
 9582.618701550935  2.895492512839972e-11
 9583.696705426904 2.8982143833249387e-11
 9584.774709302874  2.901226066981062e-11
 9585.852713178843 2.9045275638083414e-11
 9586.930717054813  2.910722688388385e-11
 9588.008720930782 2.9260915431313804e-11
 9589.086724806752  2.930502354694777e-11
 9590.164728682721  2.935191012739923e-11
  9591.24273255869  2.940157517266816e-11
  9592.32073643466 2.9454018682754566e-11
  9593.39874031063  2.950924065765845e-11
 9594.476744186599 2.9567241097379816e-11
 9595.554748062568  2.965223710992358e-11
 9596.632751938538 2.9657552880551966e-11
 9597.710755814507  2.976615706001126e-11
 9598.788759690477  2.981729823196247e-11
 9599.866763566446 2.9866975957004284e-11
 9600.944767442415 2.9915190235136695e-11
 9602.022771318385   2.99619410663597e-11
 9603.100775194354 3.0007228450673315e-11
 9604.178779070324  3.005105238807752e-11
 9605.256782946293 3.0093412878572324e-11
 9606.334786822263  3.013430992215773e-11
 9607.412790698232  3.017374351883373e-11
 9608.490794574202 3.0211713668600336e-11
 9609.568798450171  3.024822037145754e-11
  9610.64680232614 3.0283263627405335e-11
  9611.72480620211  3.026419474398507e-11
  9612.80281007808  3.034453229419663e-11
 9613.880813954049  3.037689241621162e-11
 9614.958817830018  3.040941986668412e-11
 9616.036821705988   3.04421146456141e-11
 9617.114825581957  3.047497675300158e-11
 9618.192829457927 3.0508006188846554e-11
 9619.270833333896  3.054120295314902e-11
 9620.348837209865 3.0574567045908987e-11
 9621.426841085835 3.0608098467126436e-11
 9622.504844961804  3.064179721680139e-11
 9623.582848837774  3.067566329493383e-11
 9624.660852713743  3.070969670152377e-11
 9625.738856589713 3.0743897436571196e-11
 9626.816860465682 3.0778265500076126e-11
 9627.894864341652  3.071239187653073e-11
 9628.972868217621 3.0806900537017495e-11
  9630.05087209359   3.08449490483344e-11
  9631.12887596956  3.088470867081404e-11
  9632.20687984553 3.0926179404456424e-11
 9633.284883721499  3.096936124926156e-11
 9634.362887597468 3.1014254205229434e-11
 9635.440891473438  3.106085827236006e-11
 9636.518895349407 3.0961001256644745e-11
 9637.596899225377  3.100892277143117e-11
 9638.674903101346  3.105645062271064e-11
 9639.752906977315  3.110358481048316e-11
 9640.830910853285  3.115032533474873e-11
 9641.908914729254 3.1196672195507354e-11
 9642.986918605224  3.124262539275902e-11
 9644.064922481193  3.144124263447023e-11
 9645.142926357163  3.148469739354526e-11
 9646.220930233132  3.152604737795059e-11
 9647.298934109102  3.156529258768623e-11
 9648.376937985071  3.160243302275217e-11
  9649.45494186104 3.1637468683148414e-11
  9650.53294573701 3.1670399568874974e-11
  9651.61094961298  3.170122567993183e-11
 9652.688953488949  3.180686618808023e-11
 9653.766957364918  3.174647893475274e-11
 9654.844961240888  3.177767077707282e-11
 9655.922965116857  3.181034516415746e-11
 9657.000968992827  3.184450209600664e-11
 9658.078972868796  3.188014157262037e-11
 9659.156976744765  3.191726359399866e-11
 9660.234980620735 3.1955868160141486e-11
 9661.312984496704  3.199595527104887e-11
 9662.390988372674   3.20375249267208e-11
 9663.468992248643  3.208057712715728e-11
 9664.546996124613   3.21251118723583e-11
 9665.625000000582  3.217112916232388e-11
 9666.703003876552    3.2218628997054e-11
 9667.781007752521  3.226761137654868e-11
  9668.85901162849 3.2389329323055354e-11
  9669.93701550446  3.253038538179377e-11
  9671.01501938043  3.251980104104714e-11
 9672.093023256399   3.24511833945609e-11
 9673.171027132368 3.2506899092805076e-11
 9674.249031008338  3.256584983647876e-11
 9675.327034884307  3.262803562558194e-11
 9676.405038760277 3.2693456460114625e-11
 9677.483042636246 3.2762112340076803e-11
 9678.561046512215  3.283400326546849e-11
 9679.639050388185 3.2909129236289674e-11
 9680.717054264154  3.298749025254036e-11
 9681.795058140124  3.306908631422054e-11
 9682.873062016093   3.31628396991303e-11
 9683.951065892063 3.3246006843288976e-11
 9685.029069768032 3.3327510024496644e-11
 9686.107073644002  3.340734924275331e-11
 9687.185077519971  3.354706834666098e-11
  9688.26308139594  3.374315679335727e-11
  9689.34108527191  3.381324793237212e-11
  9690.41908914788  3.390297794477513e-11
 9691.497093023849  3.393690378188205e-11
 9692.575096899818  3.393779134684112e-11
 9693.653100775788 3.3987651895280407e-11
 9694.731104651757  3.403250392910435e-11
 9695.809108527726  3.407234744831291e-11
 9696.887112403696  3.410718245290613e-11
 9697.965116279665 3.4137008942883983e-11
 9699.043120155635   3.41529046404464e-11
 9700.121124031604 3.4177613109574034e-11
 9701.199127907574  3.420221207246683e-11
 9702.277131783543  3.422670152912477e-11
 9703.355135659513  3.425108147954787e-11
 9704.433139535482 3.4275351923736115e-11
 9705.511143411451 3.4299512861689505e-11
 9706.589147287421  3.421839132548745e-11
  9707.66715116339 3.4269684532832625e-11
  9708.74515503936 3.4349991494424856e-11
  9709.82315891533   3.43773009546361e-11
 9710.901162791299  3.440559441156191e-11
 9711.979166667268 3.4434871865202304e-11
 9713.057170543238  3.446513331555727e-11
 9714.135174419207  3.447532855630193e-11
 9715.213178295176 3.4444862543092205e-11
 9716.291182171146  3.448651489293134e-11
 9717.369186047115 3.4530486963319955e-11
 9718.447189923085  3.457677875425804e-11
 9719.525193799054  3.462539026574562e-11
 9720.603197675024  3.467632149778268e-11
 9721.681201550993  3.472957245036922e-11
 9722.759205426963  3.486577820965719e-11
 9723.837209302932 3.4922684606628127e-11
 9724.915213178901  3.498092672743397e-11
 9725.993217054871 3.5040504572074715e-11
  9727.07122093084  3.498950775640525e-11
  9728.14922480681 3.5051254396064997e-11
  9729.22722868278 3.5113834106908834e-11
 9730.305232558749  3.519829709526163e-11
 9731.383236434718 3.5325238405467496e-11
 9732.461240310688 3.5381878420523156e-11
 9733.539244186657  3.543801578292801e-11
 9734.617248062626  3.549365049268204e-11
 9735.695251938596 3.5548782549785256e-11
 9736.773255814565  3.560341195423765e-11
 9737.851259690535  3.565753870603923e-11
 9738.929263566504 3.5711162805189994e-11
 9740.007267442474 3.5764284251689934e-11
 9741.085271318443 3.5757992506138096e-11
 9742.163275194413  3.581123361821956e-11
 9743.241279070382  3.597700743267852e-11
 9744.319282946351   3.60319958338755e-11
  9745.39728682232  3.608810920595565e-11
  9746.47529069829 3.6113098472672945e-11
  9747.55329457426 3.6173587112577316e-11
  9748.63129845023  3.622104458700075e-11
 9749.709302326199  3.628671135302609e-11
 9750.787306202168 3.6356338774847555e-11
 9751.865310078138  3.642992685246512e-11
 9752.943313954107   3.65074755858788e-11
 9754.021317830076  3.658898497508859e-11
 9755.099321706046   3.66744550200945e-11
 9756.177325582015 3.6763885720896516e-11
 9757.255329457985 3.6916187616895607e-11
 9758.333333333954 3.7012414658406675e-11
 9759.411337209924  3.711147738483069e-11
 9760.489341085893  3.721337579616766e-11
 9761.567344961863  3.731810989241757e-11
 9762.645348837832 3.7457928749826454e-11
 9763.723352713801  3.756620888984435e-11
  9764.80135658977 3.7691480851139326e-11
  9765.87936046574  3.780231389901077e-11
  9766.95736434171   3.79107813577439e-11
  9768.03536821768  3.801669294972099e-11
 9769.113372093649 3.8120048674942055e-11
 9770.191375969618  3.822084853340708e-11
 9771.269379845588 3.8319092525116066e-11
 9772.347383721557  3.841478065006902e-11
 9773.425387597526  3.846961721110569e-11
 9774.503391473496 3.8557580684049046e-11
 9775.581395349465  3.864037537173881e-11
 9776.659399225435  3.871800127417501e-11
 9777.737403101404  3.879045839135763e-11
 9778.815406977374  3.885774672328667e-11
 9779.893410853343 3.8919866269962135e-11
 9780.971414729313  3.897681703138403e-11
 9782.049418605282  3.902878928517005e-11
 9783.127422481251  3.900601990500521e-11
  9784.20542635722  3.898247361562116e-11
  9785.28343023319 3.9027457512233674e-11
  9786.36143410916   3.90730500477654e-11
  9787.43943798513 3.9119251222216324e-11
 9788.517441861099  3.916606103558644e-11
 9789.595445737068 3.9251775185036035e-11
 9790.673449613038   3.93024151947421e-11
 9791.751453489007  3.930909875719426e-11
 9792.829457364976 3.9310835124672463e-11
 9793.907461240946  3.937970396983863e-11
 9794.985465116915  3.945282171387731e-11
 9796.063468992885   3.95301883567885e-11
 9797.141472868854   3.96118038985722e-11
 9798.219476744824  3.969766833922841e-11
 9799.297480620793 3.9859720116592734e-11
 9800.375484496763  4.002418478355124e-11
 9801.453488372732  4.012175524488813e-11
 9802.531492248701  4.022035304768079e-11
  9803.60949612467  4.031997819192922e-11
  9804.68750000064  4.042063067763342e-11
  9805.76550387661  4.052231050479336e-11
  9806.84350775258  4.062501767340909e-11
 9807.921511628549  4.077593018815123e-11
 9808.999515504518 4.0936038796739827e-11
 9810.077519380488  4.103326382651298e-11
 9811.155523256457  4.113048885628613e-11
 9812.233527132426 4.1227713886059265e-11
 9813.311531008396 4.1324938915832415e-11
 9814.389534884365  4.142216394560555e-11
 9815.467538760335 4.1513027054452476e-11
 9816.545542636304  4.156304917721236e-11
 9817.623546512274  4.165407439185057e-11
 9818.701550388243 4.1744280637110494e-11
 9819.779554264212  4.183366791299214e-11
 9820.857558140182  4.192223621949549e-11
 9821.935562016151  4.200998555662056e-11
  9823.01356589212 4.2096915924367353e-11
  9824.09156976809  4.214523881843166e-11
  9825.16957364406 4.2233602054974104e-11
  9826.24757752003 4.2324217129690475e-11
 9827.325581395999  4.241708404258082e-11
 9828.403585271968 4.2512202793645097e-11
 9829.481589147937  4.260957338288331e-11
 9830.559593023907  4.270919581029547e-11
 9831.637596899876  4.281743199680781e-11
 9832.715600775846   4.29687610075811e-11
 9833.793604651815 4.3070176235126035e-11
 9834.871608527785 4.3169132437166797e-11
 9835.949612403754  4.328790360493595e-11
 9837.027616279724 4.3409842661102786e-11
 9838.105620155693 4.3534949605667316e-11
 9839.183624031662 4.3663224438629555e-11
 9840.261627907632  4.383245566429368e-11
 9841.339631783601  4.396399546649907e-11
  9842.41763565957  4.409563234954993e-11
  9843.49563953554 4.4227366313446254e-11
  9844.57364341151  4.435919735818806e-11
  9845.65164728748 4.4491125483775324e-11
 9846.729651163449 4.4623150690208046e-11
 9847.807655039418 4.4755272977486245e-11
 9848.885658915387 4.4901470468570685e-11
 9849.963662791357  4.504235018211693e-11
 9851.041666667326  4.518625754461815e-11
 9852.119670543296  4.531091856484179e-11
 9853.197674419265  4.545655853381246e-11
 9854.275678295235 4.5580960790408173e-11
 9855.353682171204  4.569701216407706e-11
 9856.431686047174   4.58134656262514e-11
 9857.509689923143 4.5918287771553693e-11
 9858.587693799112  4.602645647999738e-11
 9859.665697675082  4.612559821200055e-11
 9860.743701551051  4.620056899350566e-11
  9861.82170542702 4.6274718921714285e-11
  9862.89970930299  4.634852754000523e-11
  9863.97771317896  4.643079996666124e-11
  9865.05571705493  4.648125574351498e-11
 9866.133720930899 4.6541505035986646e-11
 9867.211724806868  4.663329865979573e-11
 9868.289728682837  4.672924222064246e-11
 9869.367732558807  4.680575750483292e-11
 9870.445736434776 4.6893853176593187e-11
 9871.523740310746   4.70079818295922e-11
 9872.601744186715 4.7115699543296304e-11
 9873.679748062685  4.725043906952544e-11
 9874.757751938654 4.7383969125334334e-11
 9875.835755814624 4.7521768415160664e-11
 9876.913759690593  4.770717029682563e-11
 9877.991763566562 4.7873314655228005e-11
 9879.069767442532  4.805926421444199e-11
 9880.147771318501 4.8245910059783664e-11
  9881.22577519447  4.843103626247686e-11
  9882.30377907044 4.8636001367458765e-11
  9883.38178294641 4.8803970590421074e-11
  9884.45978682238 4.8984936931496865e-11
 9885.537790698349  4.915606493196561e-11
 9886.615794574318 4.9312196298104496e-11
 9887.693798450287  4.948139902370831e-11
 9888.771802326257   4.96513298500184e-11
 9889.849806202226  4.978340499293491e-11
 9890.927810078196  4.990369480889658e-11
 9892.005813954165  5.003907254600974e-11
 9893.083817830135  5.015560239412853e-11
 9894.161821706104  5.029247677673145e-11
 9895.239825582074  5.039066896376487e-11
 9896.317829458043  5.047624095630268e-11
 9897.395833334012  5.057771101832756e-11
 9898.473837209982  5.066009353115071e-11
 9899.551841085951  5.074960411016353e-11
  9900.62984496192 5.0819475970974025e-11
  9901.70784883789   5.08660826958768e-11
  9902.78585271386   5.09430088798896e-11
 9903.863856589829   5.09998625085962e-11
 9904.941860465799  5.108272549436522e-11
 9906.019864341768 5.1188311955962295e-11
 9907.097868217737 5.1266858158797704e-11
 9908.175872093707  5.134817779008462e-11
 9909.253875969676  5.142038312528295e-11
 9910.331879845646  5.147078394570243e-11
 9911.409883721615  5.157209038676391e-11
 9912.487887597585  5.165964878948307e-11
 9913.565891473554  5.176862276217225e-11
 9914.643895349524  5.190597129497032e-11
 9915.721899225493  5.203219094717077e-11
 9916.799903101462 5.2155898594562084e-11
 9917.877906977432  5.228803749160013e-11
 9918.955910853401  5.244166396087919e-11
  9920.03391472937  5.258565716776239e-11
  9921.11191860534 5.2709812133315135e-11
  9922.18992248131  5.283459917642922e-11
 9923.267926357279 5.2996965078187474e-11
 9924.345930233249  5.314711773841456e-11
 9925.423934109218  5.330269130803283e-11
 9926.501937985187  5.348069360015367e-11
 9927.579941861157   5.36278989419569e-11
 9928.657945737126  5.379320278775409e-11
 9929.735949613096   5.39414415292329e-11
 9930.813953489065  5.407814990421411e-11
 9931.891957365035  5.421396843458994e-11
 9932.969961241004  5.435969807055175e-11
 9934.047965116974  5.454466706214617e-11
 9935.125968992943 5.4699102264215486e-11
 9936.203972868912  5.483567211940213e-11
 9937.281976744882  5.496723465936313e-11
 9938.359980620851   5.50767152970052e-11
  9939.43798449682  5.520789616451677e-11
  9940.51598837279 5.5330264601033693e-11
  9941.59399224876 5.5474292337833835e-11
 9942.671996124729  5.560336136967022e-11
 9943.750000000698  5.570056216258789e-11
 9944.828003876668  5.581998819232589e-11
 9945.906007752637  5.592994571894794e-11
 9946.984011628607  5.602722358261073e-11
 9948.062015504576  5.614566029558333e-11
 9949.140019380546  5.627719204815938e-11
 9950.218023256515  5.637267717265897e-11
 9951.296027132485  5.649020299700646e-11
 9952.374031008454 5.6643206987192834e-11
 9953.452034884423  5.679535549072173e-11
 9954.530038760393 5.6981684241533336e-11
 9955.608042636362  5.714050013566492e-11
 9956.686046512332  5.731770568474213e-11
 9957.764050388301 5.7496412933714533e-11
  9958.84205426427  5.765908336328994e-11
  9959.92005814024  5.789213551312033e-11
  9960.99806201621  5.809273735518222e-11
 9962.076065892179   5.83011929749208e-11
 9963.154069768148  5.851161163368095e-11
 9964.232073644118  5.872138096436306e-11
 9965.310077520087  5.891895598963568e-11
 9966.388081396057  5.913966874910211e-11
 9967.466085272026  5.935327060106396e-11
 9968.544089147996  5.956295089371984e-11
 9969.622093023965  5.975689225070479e-11
 9970.700096899935  5.993910722636339e-11
 9971.778100775904  6.012750679246997e-11
 9972.856104651873  6.030449643195909e-11
 9973.934108527843  6.046066723753667e-11
 9975.012112403812  6.066102564759875e-11
 9976.090116279782  6.081006496158887e-11
 9977.168120155751   6.09647729545829e-11
  9978.24612403172  6.111539214988304e-11
  9979.32412790769  6.128304948403606e-11
  9980.40213178366  6.141609037671728e-11
 9981.480135659629  6.157475012266901e-11
 9982.558139535598  6.170340790430017e-11
 9983.636143411568    6.1834129478159e-11
 9984.714147287537  6.192221986294495e-11
 9985.792151163507   6.20862393062805e-11
 9986.870155039476  6.224500289592471e-11
 9987.948158915446  6.238762062512236e-11
 9989.026162791415  6.256197881892885e-11
 9990.104166667385  6.273114555488924e-11
 9991.182170543354  6.289528976078624e-11
 9992.260174419323  6.307855502888737e-11
 9993.338178295293  6.327269213640122e-11
 9994.416182171262  6.347884821451668e-11
 9995.494186047232   6.36750769164257e-11
 9996.572189923201  6.390555982633444e-11
  9997.65019379917  6.411442078911716e-11
  9998.72819767514  6.435728062236502e-11
  9999.80620155111  6.459373340146822e-11
10000.884205427079  6.486528428303652e-11
10001.962209303048  6.508882329107774e-11
10003.040213179018  6.532356163664131e-11
10004.118217054987  6.558038932648247e-11
10005.196220930957   6.58136247018497e-11
10006.274224806926   6.60787897793306e-11
10007.352228682896  6.631538662325171e-11
10008.430232558865  6.652909042499036e-11
10009.508236434835  6.676584518816538e-11
10010.586240310804  6.700432450619229e-11
10011.664244186773  6.724170749583964e-11
10012.742248062743  6.747799415710747e-11
10013.820251938712  6.771318448999576e-11
10014.898255814682  6.795667413159184e-11
10015.976259690651  6.819179864434154e-11
 10017.05426356662  6.842795366533222e-11
 10018.13226744259  6.866513919456383e-11
 10019.21027131856  6.888366789563157e-11
10020.288275194529   6.91386949720035e-11
10021.366279070498  6.936460239873792e-11
10022.444282946468   6.95614916473532e-11
10023.522286822437  6.981037520331904e-11
10024.600290698407  7.008766904605895e-11
10025.678294574376  7.032673640215088e-11
10026.756298450346  7.058662326081564e-11
10027.834302326315  7.085876302667516e-11
10028.912306202285  7.114339639371906e-11
10029.990310078254  7.141685744922862e-11
10031.068313954223  7.168279964663632e-11
10032.146317830193  7.195788742349633e-11
10033.224321706162  7.223272514272132e-11
10034.302325582132   7.25073128043113e-11
10035.380329458101  7.280133774467108e-11
 10036.45833333407  7.305964476033262e-11
 10037.53633721004  7.334785187623757e-11
 10038.61434108601  7.364309265780165e-11
10039.692344961979  7.391383371358903e-11
10040.770348837948  7.417983797539072e-11
10041.848352713918  7.446179821300993e-11
10042.926356589887  7.472199484381041e-11
10044.004360465857   7.49718153464016e-11
10045.082364341826  7.521101902679386e-11
10046.160368217796  7.546327179770592e-11
10047.238372093765    7.5715524568618e-11
10048.316375969735  7.596777733953007e-11
10049.394379845704  7.622003011044216e-11
10050.472383721673  7.647228288135423e-11
10051.550387597643   7.67245356522663e-11
10052.628391473612  7.697419714798268e-11
10053.706395349582   7.72426378968787e-11
10054.784399225551  7.750232184877475e-11
 10055.86240310152   7.77422550633677e-11
 10056.94040697749  7.795594802028461e-11
 10058.01841085346   7.81760499062543e-11
10059.096414729429  7.839394944344082e-11
10060.174418605398  7.862409226242994e-11
10061.252422481368  7.885261617291539e-11
10062.330426357337  7.907952117489716e-11
10063.408430233307  7.925019701785013e-11
10064.486434109276  7.947679396648645e-11
10065.564437985246  7.970470177028096e-11
10066.642441861215   7.99339204292337e-11
10067.720445737184  8.016062228363446e-11
10068.798449613154    8.0387995649421e-11
10069.876453489123   8.06203576930829e-11
10070.954457365093  8.084818355475496e-11
10072.032461241062  8.109804954395675e-11
10073.110465117032  8.137644518106114e-11
10074.188468993001  8.165072127933935e-11
 10075.26647286897  8.192948911662726e-11
 10076.34447674494  8.219830306233916e-11
 10077.42248062091   8.24710253067813e-11
10078.500484496879  8.274264114298133e-11
10079.578488372848  8.309256709009298e-11
10080.656492248818  8.335939321225612e-11
10081.734496124787  8.366620828784667e-11
10082.812500000757  8.395140531486813e-11
10083.890503876726  8.424247494304665e-11
10084.968507752696  8.453882013164011e-11
10086.046511628665  8.476991933434712e-11
10087.124515504634  8.507113144585627e-11
10088.202519380604  8.538146099524635e-11
10089.280523256573  8.564476494465688e-11
10090.358527132543  8.592499744147051e-11
10091.436531008512  8.623118438023491e-11
10092.514534884482   8.65422598300938e-11
10093.592538760451  8.685822379104715e-11
 10094.67054263642  8.718409097006733e-11
 10095.74854651239  8.749505509852574e-11
 10096.82655038836  8.784037584757038e-11
10097.904554264329  8.814833796822286e-11
10098.982558140298  8.849369855497923e-11
10100.060562016268  8.883662215187679e-11
10101.138565892237  8.918274142901944e-11
10102.216569768207  8.957689023784377e-11
10103.294573644176   8.99371806190534e-11
10104.372577520146  9.027511315837933e-11
10105.450581396115   9.06632409190296e-11
10106.528585272084  9.103760975362162e-11
10107.606589148054  9.138969566397134e-11
10108.684593024023  9.174014871458592e-11
10109.762596899993  9.208947080182905e-11
10110.840600775962  9.243766192570065e-11
10111.918604651932  9.271975975765466e-11
10112.996608527901  9.306899614281208e-11
 10114.07461240387  9.342364547375433e-11
 10115.15261627984  9.377055765798196e-11
 10116.23062015581  9.412590516144164e-11
10117.308624031779  9.448405531402952e-11
10118.386627907748  9.482728310721273e-11
10119.464631783718  9.516212361393093e-11
10120.542635659687  9.553550453884642e-11
10121.620639535657  9.591650320169727e-11
10122.698643411626   9.63051196024835e-11
10123.776647287596   9.67008518448414e-11
10124.854651163565   9.71041157951202e-11
10125.932655039534  9.751440955695618e-11
10127.010658915504  9.793919152930047e-11
10128.088662791473   9.84454787199595e-11
10129.166666667443  9.884577636226812e-11
10130.244670543412  9.927599400044306e-11
10131.322674419382  9.970883380485422e-11
10132.400678295351 1.0014429577550162e-10
 10133.47868217132 1.0060545671109729e-10
 10134.55668604729 1.0106258739730093e-10
 10135.63468992326 1.0151581953453736e-10
10136.712693799229 1.0195213793411827e-10
10137.790697675198 1.0238605525095791e-10
10138.868701551168 1.0281757148505631e-10
10139.946705427137 1.0323253516526168e-10
10141.024709303107 1.0368453227579369e-10
10142.102713179076 1.0413728163788956e-10
10143.180717055046 1.0449981841273322e-10
10144.258720931015   1.04864464751827e-10
10145.336724806984 1.0531577146466258e-10
10146.414728682954 1.0573101180164382e-10
10147.492732558923 1.0616266482057211e-10
10148.570736434893 1.0660579521955647e-10
10149.648740310862 1.0703168376637329e-10
10150.726744186832 1.0748778468389563e-10
10151.804748062801 1.0795102117341154e-10
 10152.88275193877 1.0842139323492096e-10
 10153.96075581474 1.0889890086842391e-10
 10155.03875969071 1.0938354407392038e-10
10156.116763566679 1.0988947432256217e-10
10157.194767442648 1.1036310563012957e-10
10158.272771318618 1.1083705180093842e-10
10159.350775194587 1.1140087723188353e-10
10160.428779070557 1.1195653771775512e-10
10161.506782946526 1.1247374537060585e-10
10162.584786822496 1.1302433094595901e-10
10163.662790698465 1.1354095149570414e-10
10164.740794574434 1.1405461690855439e-10
10165.818798450404 1.1457027465206838e-10
10166.896802326373 1.1508792472624618e-10
10167.974806202343 1.1557760919685715e-10
10169.052810078312  1.160610624557327e-10
10170.130813954282 1.1657503811739936e-10
10171.208817830251 1.1705610586486446e-10
 10172.28682170622 1.1759319967503728e-10
 10173.36482558219  1.181373864201379e-10
 10174.44282945816  1.186923334746133e-10
10175.520833334129 1.1925198288143373e-10
10176.598837210098 1.1982000201504607e-10
10177.676841086068 1.2039639087545042e-10
10178.754844962037  1.209610982410488e-10
10179.832848838007 1.2155628583178047e-10
10180.910852713976 1.2215587906082324e-10
10181.988856589945  1.227683414591253e-10
10183.066860465915 1.2337654741111334e-10
10184.144864341884 1.2401822341601334e-10
10185.222868217854  1.246716350819938e-10
10186.300872093823 1.2530002879452821e-10
10187.378875969793 1.2596683487060928e-10
10188.456879845762 1.2658311933332772e-10
10189.534883721732  1.271978153104634e-10
10190.612887597701 1.2781092280201635e-10
 10191.69089147367  1.284224418079866e-10
 10192.76889534964  1.290197289189661e-10
 10193.84689922561 1.2963339543754127e-10
10194.924903101579  1.301772153758157e-10
10196.002906977548  1.307505376485896e-10
10197.080910853518  1.313342967083023e-10
10198.158914729487 1.3196535534284434e-10
10199.236918605457 1.3260054699781722e-10
10200.314922481426   1.33238402136324e-10
10201.392926357395 1.3387859100713565e-10
10202.470930233365  1.344750975543274e-10
10203.548934109334 1.3512523814297644e-10
10204.626937985304 1.3578497083935814e-10
10205.704941861273 1.3645429564347257e-10
10206.782945737243 1.3713321255531968e-10
10207.860949613212 1.3782172157489955e-10
10208.938953489182  1.385324661116201e-10
10210.016957365151   1.39234834862895e-10
 10211.09496124112 1.4001505381662057e-10
 10212.17296511709 1.4077377405799667e-10
 10213.25096899306   1.41530061134584e-10
10214.328972869029  1.422392836934966e-10
10215.406976744998  1.429617339047064e-10
10216.484980620968 1.4369111274011504e-10
10217.562984496937  1.444026624208426e-10
10218.640988372907 1.4513269099381667e-10
10219.718992248876 1.4589879092684967e-10
10220.796996124845  1.466016001436643e-10
10221.875000000815 1.4734102530537657e-10
10222.953003876784  1.481061674880076e-10
10224.031007752754 1.4887749984616784e-10
10225.109011628723 1.4965502237985725e-10
10226.187015504693  1.504387350890759e-10
10227.265019380662 1.5122863797382372e-10
10228.343023256632 1.5202473103410076e-10
10229.421027132601 1.5282701426990702e-10
 10230.49903100857  1.536354876812425e-10
 10231.57703488454 1.5445015126810716e-10
 10232.65503876051 1.5527100503050102e-10
10233.733042636479   1.56123136498533e-10
10234.811046512448  1.570162536812002e-10
10235.889050388418 1.5783544774561317e-10
10236.967054264387  1.587241227017738e-10
10238.045058140357 1.5958237188856593e-10
10239.123062016326 1.6042109422996854e-10
10240.201065892295 1.6125981657137117e-10
10241.279069768265 1.6209853891277376e-10
10242.357073644234 1.6293726125417637e-10
10243.435077520204 1.6377598359557895e-10
10244.513081396173 1.6461470593698156e-10
10245.591085272143  1.654534282783842e-10
10246.669089148112 1.6625057694793553e-10
10247.747093024082 1.6711352922810738e-10
10248.825096900051  1.678737997149181e-10
 10249.90310077602 1.6872539923526827e-10
 10250.98110465199 1.6958517802474519e-10
 10252.05910852796 1.7035091980892717e-10
10253.137112403929 1.7123316727460467e-10
10254.215116279898 1.7212811865720233e-10
10255.293120155868  1.730357739567201e-10
10256.371124031837  1.739561331731581e-10
10257.449127907807 1.7488919630651625e-10
10258.527131783776 1.7583496335679456e-10
10259.605135659745 1.7679343432399305e-10
10260.683139535715  1.777646092081117e-10
10261.761143411684 1.7874848800915046e-10
10262.839147287654 1.7978664439896064e-10
10263.917151163623 1.8077170109507054e-10
10264.995155039593 1.8187214350146177e-10
10266.073158915562 1.8289396079123366e-10
10267.151162791532 1.8392030272879898e-10
10268.229166667501 1.8505338558857936e-10
 10269.30717054347 1.8608266668378445e-10
 10270.38517441944  1.871119477789895e-10
 10271.46317829541 1.8814122887419463e-10
10272.541182171379   1.89142160154851e-10
10273.619186047348  1.900702138989022e-10
10274.697189923318 1.9100640743056136e-10
10275.775193799287 1.9205535197950175e-10
10276.853197675257  1.931129348905971e-10
10277.931201551226  1.941791561638476e-10
10279.009205427195    1.9526496111593e-10
10280.087209303165 1.9635454667154038e-10
10281.165213179134 1.9745885814735554e-10
10282.243217055104 1.9857789554337555e-10
10283.321220931073 1.9971165885960037e-10
10284.399224807043 2.0086014809603006e-10
10285.477228683012 2.0202336325266454e-10
10286.555232558982 2.0320130432950387e-10
10287.633236434951 2.0439397132654798e-10
 10288.71124031092 2.0562971405834567e-10
 10289.78924418689 2.0695306024695338e-10
 10290.86724806286  2.082829925681579e-10
10291.945251938829  2.095148997922861e-10
10293.023255814798  2.107528945744641e-10
10294.101259690768 2.1199697691469188e-10
10295.179263566737 2.1312754046383134e-10
10296.257267442707  2.141058251949061e-10
10297.335271318676 2.1539996848290668e-10
10298.413275194645 2.1669434991019615e-10
10299.491279070615  2.180079439598301e-10
10300.569282946584  2.193407506318087e-10
10301.647286822554 2.2055336652785432e-10
10302.725290698523 2.2194129267739238e-10
10303.803294574493  2.233651256821454e-10
10304.881298450462 2.2482486554211325e-10
10305.959302326431 2.2632051225729607e-10
10307.037306202401 2.2785206582769377e-10
 10308.11531007837 2.2941952625330635e-10
 10309.19331395434 2.3102289353413387e-10
 10310.27131783031 2.3266216767017624e-10
10311.349321706279 2.3444600969389464e-10
10312.427325582248 2.3642898270756954e-10
10313.505329458218 2.3813200401953364e-10
10314.583333334187  2.398706940474238e-10
10315.661337210156 2.4162607830818423e-10
10316.739341086126 2.4339815680181486e-10
10317.817344962095 2.4507522817968747e-10
10318.895348838065  2.467650338364407e-10
10319.973352714034 2.4858771224061866e-10
10321.051356590004 2.5039929558856423e-10
10322.129360465973  2.521392027710848e-10
10323.207364341943  2.539979905643509e-10
10324.285368217912  2.558773772193971e-10
10325.363372093881 2.5777736273622345e-10
10326.441375969851 2.5969794711482997e-10
 10327.51937984582 2.6163913035521657e-10
 10328.59738372179  2.636009124573833e-10
 10329.67538759776 2.6558329342133017e-10
10330.753391473729  2.675862732470572e-10
10331.831395349698 2.6960985193456433e-10
10332.909399225668 2.7165402948385165e-10
10333.987403101637  2.739699106418251e-10
10335.065406977606 2.7615425298442043e-10
10336.143410853576  2.782263214413712e-10
10337.221414729545 2.8033008381633444e-10
10338.299418605515 2.8252612121850284e-10
10339.377422481484 2.8462387687170587e-10
10340.455426357454  2.867216325249089e-10
10341.533430233423  2.888193881781119e-10
10342.611434109393 2.9091714383131494e-10
10343.689437985362  2.930148994845179e-10
10344.767441861331   2.95112655137721e-10
  10345.8454457373 2.9721041079092396e-10
 10346.92344961327 2.9930816644412704e-10
 10348.00145348924    3.0140592209733e-10
 10349.07945736521 3.0350367775053303e-10
10350.157461241179 3.0560143340373606e-10
10351.235465117148 3.0769918905693903e-10
10352.313468993118  3.097969447101421e-10
10353.391472869087   3.11894700363345e-10
10354.469476745056 3.1399245601654815e-10
10355.547480621026 3.1609021166975107e-10
10356.625484496995 3.1818796732295415e-10
10357.703488372965 3.2028572297615717e-10
10358.781492248934  3.223834786293602e-10
10359.859496124904  3.244812342825632e-10
10360.937500000873  3.265789899357662e-10
10362.015503876843 3.2867674558896927e-10
10363.093507752812 3.3077450124217224e-10
10364.171511628781  3.328722568953753e-10
 10365.24951550475  3.349700125485783e-10
 10366.32751938072  3.370677682017813e-10
 10367.40552325669 3.3916552385498433e-10
 10368.48352713266 3.4126327950818736e-10
10369.561531008629  3.433610351613904e-10
10370.639534884598  3.454587908145934e-10
10371.717538760568 3.4755654646779643e-10
10372.795542636537 3.4965430212099945e-10
10373.873546512506  3.517520577742025e-10
10374.951550388476  3.538498134274055e-10
10376.029554264445 3.5594756908060853e-10
10377.107558140415 3.5804532473381155e-10
10378.185562016384 3.6014308038701457e-10
10379.263565892354  3.622408360402176e-10
10380.341569768323 3.6433859169342057e-10
10381.419573644293 3.6643634734662365e-10
10382.497577520262 3.6853410299982657e-10
10383.575581396231 3.7043963660357533e-10
  10384.6535852722  3.725155907878031e-10
 10385.73158914817  3.745697435030559e-10
 10386.80959302414 3.7660209474933346e-10
 10387.88759690011  3.786126445266359e-10
10388.965600776079  3.806013928349632e-10
10390.043604652048  3.825683396743153e-10
10391.121608528018 3.8451348504469227e-10
10392.199612403987  3.864368289460942e-10
10393.277616279956  3.883383713785209e-10
10394.355620155926 3.9021811234197246e-10
10395.433624031895 3.9207605183644884e-10
10396.511627907865  3.939121898619502e-10
10397.589631783834 3.9572652641847627e-10
10398.667635659804 3.9751906150602736e-10
10399.745639535773  3.994820171740575e-10
10400.823643411743  4.012527507926333e-10
10401.901647287712  4.030234844112092e-10
10402.979651163681 4.0479421802978496e-10
 10404.05765503965  4.065649516483609e-10
 10405.13565891562  4.083356852669367e-10
 10406.21366279159  4.101064188855125e-10
 10407.29166666756 4.1149781147107355e-10
10408.369670543529 4.1295064493468286e-10
10409.447674419498 4.1473713383696003e-10
10410.525678295468 4.1653578642996727e-10
10411.603682171437  4.183466027137048e-10
10412.681686047406 4.2016958268817254e-10
10413.759689923376 4.2200472635337046e-10
10414.837693799345  4.238520337092986e-10
10415.915697675315 4.2571150475595706e-10
10416.993701551284  4.275831394933456e-10
10418.071705427254  4.294669379214644e-10
10419.149709303223  4.313629000403135e-10
10420.227713179193  4.332710258498927e-10
10421.305717055162  4.351913153502022e-10
10422.383720931131 4.3712376854124195e-10
  10423.4617248071 4.3944772645602665e-10
 10424.53972868307 4.4172240718349337e-10
 10425.61773255904 4.4367559616302244e-10
 10426.69573643501 4.4562878514255156e-10
10427.773740310979  4.475819741220807e-10
10428.851744186948 4.4953516310160974e-10
10429.929748062917 4.5148835208113896e-10
10431.007751938887  4.534415410606679e-10
10432.085755814856  4.553947300401971e-10
10433.163759690826  4.573479190197261e-10
10434.241763566795 4.5930110799925533e-10
10435.319767442765  4.612542969787843e-10
10436.397771318734 4.6320748595831346e-10
10437.475775194704  4.651606749378427e-10
10438.553779070673  4.671138639173716e-10
10439.631782946642  4.690670528969009e-10
10440.709786822612  4.710202418764299e-10
10441.787790698581  4.729734308559591e-10
 10442.86579457455  4.749266198354882e-10
 10443.94379845052  4.768798088150172e-10
 10445.02180232649  4.785717565867179e-10
 10446.09980620246  4.805462030122834e-10
10447.177810078429  4.825419068838857e-10
10448.255813954398  4.845588682015245e-10
10449.333817830367  4.865970869651997e-10
10450.411821706337  4.886565631749115e-10
10451.489825582306  4.900313728207015e-10
10452.567829458276   4.91276816636943e-10
10453.645833334245   4.93418391586805e-10
10454.723837210215  4.955920642971261e-10
10455.801841086184  4.977978347679065e-10
10456.879844962154  5.000357029991462e-10
10457.957848838123  5.023056689908451e-10
10459.035852714092  5.046077327430032e-10
10460.113856590062  5.069418942556206e-10
10461.191860466031  5.095693947365257e-10
   10462.269864342   5.11946494324025e-10
 10463.34786821797  5.143344342259471e-10
 10464.42587209394  5.167332144422918e-10
 10465.50387596991  5.191428349730592e-10
10466.581879845879  5.215632958182492e-10
10467.659883721848  5.247005209878205e-10
10468.737887597817  5.279992097473992e-10
10469.815891473787   5.30456350766027e-10
10470.893895349756  5.322800522107287e-10
10471.971899225726  5.346106936334132e-10
10473.049903101695  5.368750924284363e-10
10474.127906977665  5.393670029079818e-10
10475.205910853634  5.418766168005842e-10
10476.283914729604  5.444039341062436e-10
10477.361918605573  5.469489548249599e-10
10478.439922481542  5.495259025881046e-10
10479.517926357512  5.521814565592772e-10
10480.595930233481  5.548528828121852e-10
 10481.67393410945  5.575723893873657e-10
 10482.75193798542  5.602479622761163e-10
 10483.82994186139  5.626915938018156e-10
 10484.90794573736  5.661745205281421e-10
10485.985949613329  5.690880815809891e-10
10487.063953489298  5.727018300878236e-10
10488.141957365267  5.753745697002731e-10
10489.219961241237  5.785304299207771e-10
10490.297965117206  5.803060800107477e-10
10491.375968993176  5.838994461957027e-10
10492.453972869145  5.868349756838985e-10
10493.531976745115  5.897705051720976e-10
10494.609980621084  5.927060346602967e-10
10495.687984497054  5.956415641484958e-10
10496.765988373023  5.985770936366949e-10
10497.843992248992  6.015126231248907e-10
10498.921996124962  6.044481526130898e-10
10500.000000000931  6.073836821012889e-10
  10501.0780038769  6.103192115894879e-10
