              wave               response
------------------ ----------------------
            6450.0   1.87223511293199e-11
 6450.944767441861 1.8697329029950013e-11
 6451.889534883721   1.86723069305801e-11
 6452.834302325582 1.8647284831210214e-11
 6453.779069767443 1.8622262731840327e-11
 6454.723837209303  1.859724063247044e-11
 6455.668604651164 1.8572218533100554e-11
 6456.613372093025 1.8547196433730668e-11
 6457.558139534885 1.8522174334360756e-11
 6458.502906976746  1.849715223499087e-11
 6459.447674418607 1.8433816534219978e-11
 6460.392441860467  1.846011794989742e-11
 6461.337209302328  1.845002195996504e-11
 6462.281976744189 1.8436140704721642e-11
6463.2267441860495 1.8383103694074046e-11
  6464.17151162791  1.829182372339752e-11
 6465.116279069771  1.831044180693025e-11
6466.0610465116315 1.8299548753788194e-11
 6467.005813953492 1.8277677530990393e-11
 6467.950581395353   1.82526142265812e-11
6468.8953488372135 1.8226785334267928e-11
 6469.840116279074 1.8197987340129146e-11
 6470.784883720935 1.8173908244366525e-11
 6471.729651162796 1.8150334074665977e-11
 6472.674418604656 1.8127264831027513e-11
 6473.619186046517 1.8104700513451123e-11
 6474.563953488378  1.808264112193681e-11
 6475.508720930238 1.8061086656484575e-11
 6476.453488372099 1.8040037117094416e-11
  6477.39825581396  1.802607877209786e-11
  6478.34302325582 1.7998366134198538e-11
 6479.287790697681  1.797625865346663e-11
 6480.232558139542  1.795782676651769e-11
 6481.177325581402 1.7938120831967693e-11
 6482.122093023263 1.7918477075471294e-11
 6483.066860465124   1.78988954970285e-11
 6484.011627906984  1.788183196158147e-11
 6484.956395348845 1.7862208852622144e-11
 6485.901162790706 1.7842482035092706e-11
 6486.845930232566 1.7822651508993148e-11
 6487.790697674427 1.7802717274323474e-11
 6488.735465116288 1.7782679331083684e-11
 6489.680232558148 1.7762537679273768e-11
 6490.625000000009 1.7742292318893742e-11
  6491.56976744187 1.7717029277603657e-11
  6492.51453488373 1.7702567484755313e-11
 6493.459302325591 1.7681821802936248e-11
 6494.404069767452 1.7659124495873024e-11
6495.3488372093125 1.7637514661493734e-11
 6496.293604651173 1.7615656074143723e-11
 6497.238372093034 1.7593040236770978e-11
6498.1831395348945 1.7569803768636074e-11
 6499.127906976755 1.7546687216306487e-11
 6500.072674418616 1.7525397592514422e-11
6501.0174418604765 1.7503699920403855e-11
 6501.962209302337 1.7480985300779622e-11
 6502.906976744198 1.7454042000044722e-11
 6503.851744186059 1.7428049976256734e-11
 6504.796511627919 1.7401348856178924e-11
  6505.74127906978 1.7378852612151237e-11
 6506.686046511641  1.735114490698977e-11
 6507.630813953501 1.7322781688790815e-11
 6508.575581395362 1.7293958127272758e-11
 6509.520348837223 1.7264674222435604e-11
 6510.465116279083  1.723492997427934e-11
 6511.409883720944  1.720192704122744e-11
 6512.354651162805  1.716847621163755e-11
 6513.299418604665  1.713834617232503e-11
 6514.244186046526 1.7105907331911086e-11
 6515.188953488387 1.7073394667251726e-11
 6516.133720930247 1.7041417077542118e-11
 6517.078488372108 1.7013186296379268e-11
 6518.023255813969 1.6980173239002166e-11
 6518.968023255829   1.69530123307655e-11
  6519.91279069769 1.6920541277177438e-11
 6520.857558139551  1.689267083631136e-11
 6521.802325581411  1.686537577142407e-11
 6522.747093023272 1.6838656082515554e-11
 6523.691860465133  1.681251176958581e-11
 6524.636627906993  1.678694283263485e-11
 6525.581395348854 1.6765256110291215e-11
 6526.526162790715 1.6742535220084858e-11
6527.4709302325755   1.67176100591134e-11
 6528.415697674436 1.6690874438746726e-11
 6529.360465116297 1.6670284057809302e-11
6530.3052325581575 1.6645198774198036e-11
 6531.250000000018  1.662216198690088e-11
 6532.194767441879 1.6606934441464453e-11
6533.1395348837395  1.658553480759486e-11
   6534.0843023256 1.6570926673613393e-11
 6535.029069767461 1.6553199281446648e-11
 6535.973837209322 1.6536377867837836e-11
 6536.918604651182 1.6520462432786968e-11
 6537.863372093043 1.6505452976294036e-11
 6538.808139534904 1.6482668321777862e-11
 6539.752906976764  1.646810210800058e-11
 6540.697674418625 1.6450664338003835e-11
 6541.642441860486 1.6439706061062523e-11
 6542.587209302346  1.642575861093364e-11
 6543.531976744207  1.641505090324045e-11
 6544.476744186068  1.640916232884839e-11
 6545.421511627928 1.6401549488769494e-11
 6546.366279069789 1.6389800764160577e-11
  6547.31104651165  1.637892343319757e-11
  6548.25581395351 1.6367116202051033e-11
 6549.200581395371 1.6354379070720968e-11
 6550.145348837232 1.6340712039207375e-11
 6551.090116279092  1.632611510751025e-11
 6552.034883720953   1.63105882756296e-11
 6552.979651162814   1.63028127201466e-11
 6553.924418604674  1.628679480229913e-11
 6554.869186046535 1.6275593493897356e-11
 6555.813953488396 1.6256518615185938e-11
6556.7587209302565  1.624256759968457e-11
 6557.703488372117 1.6219555832945543e-11
 6558.648255813978 1.6196544066206513e-11
6559.5930232558385 1.6173532299467484e-11
 6560.537790697699  1.615052053272845e-11
  6561.48255813956 1.6127508765989425e-11
6562.4273255814205 1.6103614944500308e-11
 6563.372093023281 1.6073620301401772e-11
 6564.316860465142 1.6044822705948397e-11
 6565.261627907003 1.6011071466158302e-11
 6566.206395348863 1.5975640995285045e-11
 6567.151162790724  1.593684350779629e-11
 6568.095930232585 1.5898970240382885e-11
 6569.040697674445  1.586029653373319e-11
 6569.985465116306   1.58167611757127e-11
 6570.930232558167 1.5774439580783407e-11
 6571.875000000027 1.5739731817001824e-11
 6572.819767441888 1.5701306202922787e-11
 6573.764534883749 1.5666914098556332e-11
 6574.709302325609 1.5633472044077827e-11
  6575.65406976747  1.560098003948728e-11
 6576.598837209331 1.5570935524851922e-11
 6577.543604651191  1.554428367531854e-11
 6578.488372093052  1.552154814179012e-11
 6579.433139534913  1.550520702417646e-11
 6580.377906976773 1.5491985909224016e-11
 6581.322674418634 1.5483572582465107e-11
 6582.267441860495 1.5475675807208888e-11
 6583.212209302355 1.5470020242767006e-11
 6584.156976744216 1.5470667101273958e-11
 6585.101744186077 1.5471540968267753e-11
 6586.046511627937  1.546624177569189e-11
 6586.991279069798 1.5466101204991516e-11
 6587.936046511659  1.546336789615661e-11
6588.8808139535195 1.5457095916526925e-11
  6589.82558139538 1.5456617667129322e-11
 6590.770348837241 1.5456723492854403e-11
6591.7151162791015 1.5459850252729337e-11
 6592.659883720962 1.5456693160010113e-11
 6593.604651162823 1.5455568760620198e-11
6594.5494186046835 1.5454636806982345e-11
 6595.494186046544 1.5453897299096557e-11
 6596.438953488405  1.545079987721831e-11
 6597.383720930266 1.5450251634391122e-11
 6598.328488372126 1.5449645267802913e-11
 6599.273255813987 1.5448955493328094e-11
 6600.218023255848  1.544818231096667e-11
 6601.162790697708 1.5447325720718645e-11
 6602.107558139569 1.5446385722584008e-11
  6603.05232558143 1.5449391709047627e-11
  6603.99709302329 1.5447011279082653e-11
 6604.941860465151 1.5443838702481325e-11
 6605.886627907012 1.5441710711929026e-11
 6606.831395348872 1.5442110574012196e-11
 6607.776162790733  1.544039433487945e-11
 6608.720930232594 1.5438402242108032e-11
 6609.665697674454 1.5436134295697945e-11
 6610.610465116315 1.5436140855393713e-11
 6611.555232558176  1.543351482815181e-11
 6612.500000000036 1.5430863516784328e-11
 6613.444767441897 1.5428212205416848e-11
 6614.389534883758 1.5425560894049358e-11
 6615.334302325618 1.5422909582681878e-11
 6616.279069767479  1.542025827131439e-11
  6617.22383720934 1.5417606959946908e-11
   6618.1686046512 1.5414955648579422e-11
 6619.113372093061 1.5412304337211942e-11
 6620.058139534922  1.540965302584446e-11
6621.0029069767825 1.5406852031845252e-11
 6621.947674418643  1.540389237141305e-11
 6622.892441860504 1.5397519018748697e-11
6623.8372093023645 1.5394322706418788e-11
 6624.781976744225 1.5391801009057428e-11
 6625.726744186086  1.538292632707114e-11
6626.6715116279465 1.5376557515183064e-11
 6627.616279069807 1.5369423858752032e-11
 6628.561046511668 1.5361525357778043e-11
 6629.505813953529 1.5353835986832123e-11
 6630.450581395389 1.5342285246689767e-11
  6631.39534883725  1.533254240365013e-11
 6632.340116279111  1.532410816456146e-11
 6633.284883720971  1.531260409341317e-11
 6634.229651162832 1.5300474726689145e-11
 6635.174418604693 1.5287869747021102e-11
 6636.119186046553 1.5274362678769874e-11
 6637.063953488414  1.526327636339255e-11
 6638.008720930275  1.524893065290453e-11
 6638.953488372135 1.5233162471666885e-11
 6639.898255813996 1.5222999419273085e-11
 6640.843023255857  1.520662494941877e-11
 6641.787790697717 1.5196048066990592e-11
 6642.732558139578 1.5185045044022394e-11
 6643.677325581439 1.5170950265746997e-11
 6644.622093023299  1.515951075935411e-11
  6645.56686046516 1.5142379524096407e-11
 6646.511627907021 1.5126873086444534e-11
 6647.456395348881 1.5115482256936766e-11
 6648.401162790742 1.5102017673678014e-11
 6649.345930232603 1.5088424959198604e-11
 6650.290697674463  1.507513957293898e-11
 6651.235465116324 1.5062093699241202e-11
 6652.180232558185 1.5048376753523276e-11
6653.1250000000455 1.5034654236790028e-11
 6654.069767441906  1.502092614904147e-11
 6655.014534883767 1.5010150181858806e-11
6655.9593023256275  1.498998072113636e-11
 6656.904069767488 1.4974437562738444e-11
 6657.848837209349 1.4963463273776095e-11
6658.7936046512095 1.4947318712896166e-11
  6659.73837209307 1.4937509396557244e-11
 6660.683139534931   1.49228099402921e-11
 6661.627906976792 1.4907914412074864e-11
 6662.572674418652 1.4895263858922228e-11
 6663.517441860513 1.4882912658303876e-11
 6664.462209302374 1.4871242416901303e-11
 6665.406976744234 1.4858995178912894e-11
 6666.351744186095  1.484738689823381e-11
 6667.296511627956 1.4836091867928883e-11
 6668.241279069816 1.4825110087998113e-11
 6669.186046511677   1.48144415584415e-11
 6670.130813953538  1.480889126230939e-11
 6671.075581395398 1.4798250685109313e-11
 6672.020348837259  1.478625272725834e-11
  6672.96511627912 1.4780032890456245e-11
  6673.90988372098 1.4769025206565863e-11
 6674.854651162841  1.476260366831315e-11
 6675.799418604702 1.4750894410798268e-11
 6676.744186046562 1.4740060237633394e-11
 6677.688953488423 1.4728873916007848e-11
 6678.633720930284  1.471344618270125e-11
 6679.578488372144  1.470059291823254e-11
 6680.523255814005 1.4690478314850682e-11
 6681.468023255866  1.467643439301435e-11
 6682.412790697726 1.4665281540803184e-11
 6683.357558139587 1.4651638359596048e-11
 6684.302325581448 1.4639282779651344e-11
6685.2470930233085 1.4628725445516508e-11
 6686.191860465169  1.461155402001782e-11
  6687.13662790703 1.4597919414330566e-11
6688.0813953488905  1.458532643715587e-11
 6689.026162790751  1.457076243380356e-11
 6689.970930232612 1.4562278475699456e-11
6690.9156976744725 1.4548051310708364e-11
 6691.860465116333 1.4538657358819281e-11
 6692.805232558194 1.4531722369129267e-11
 6693.750000000055 1.4522173417623486e-11
 6694.694767441915 1.4509463355030522e-11
 6695.639534883776 1.4500585867826856e-11
 6696.584302325637 1.4488720567932858e-11
 6697.529069767497 1.4479248853969658e-11
 6698.473837209358   1.44671951364887e-11
 6699.418604651219  1.445446121753689e-11
 6700.363372093079 1.4447475606955971e-11
  6701.30813953494  1.443572140993111e-11
 6702.252906976801 1.4427386161550806e-11
 6703.197674418661 1.4414138049326537e-11
 6704.142441860522 1.4400712689246054e-11
 6705.087209302383 1.4393479376647173e-11
 6706.031976744243 1.4380409517384802e-11
 6706.976744186104 1.4368620457953018e-11
 6707.921511627965 1.4357627197649312e-11
 6708.866279069825 1.4346596739601003e-11
 6709.811046511686 1.4338039684649444e-11
 6710.755813953547 1.4323923138839419e-11
 6711.700581395407 1.4312978207030868e-11
 6712.645348837268 1.4301966616875707e-11
 6713.590116279129  1.429088836837394e-11
6714.5348837209895 1.4279743461525568e-11
  6715.47965116285 1.4269824991658322e-11
 6716.424418604711 1.4257178801109313e-11
6717.3691860465715  1.424931443239515e-11
 6718.313953488432 1.4234371415454082e-11
 6719.258720930293 1.4222185484392025e-11
6720.2034883721535 1.4211283825790186e-11
 6721.148255814014  1.420043100059632e-11
 6722.093023255875 1.4189627008810428e-11
6723.0377906977355 1.4178871850432507e-11
 6723.982558139596 1.4165654924621203e-11
 6724.927325581457 1.4158009125331728e-11
 6725.872093023318  1.414720334770415e-11
 6726.816860465178 1.4134483303217764e-11
 6727.761627907039 1.4121842317141964e-11
   6728.7063953489 1.4111029863914188e-11
  6729.65116279076 1.4100258379122602e-11
 6730.595930232621 1.4089527862767199e-11
 6731.540697674482 1.4077707397932439e-11
 6732.485465116342 1.4072407025603033e-11
 6733.430232558203 1.4063203179704496e-11
 6734.375000000064   1.40496589495732e-11
 6735.319767441924 1.4040837721303502e-11
 6736.264534883785  1.402744674343679e-11
 6737.209302325646 1.4017058062940102e-11
 6738.154069767506  1.400668066897846e-11
 6739.098837209367 1.3996314561551856e-11
 6740.043604651228 1.3987464004353758e-11
 6740.988372093088  1.397977034359056e-11
 6741.933139534949 1.3970261253774734e-11
  6742.87790697681 1.3962294506292459e-11
  6743.82267441867 1.3950927183137337e-11
 6744.767441860531 1.3939761691736925e-11
 6745.712209302392 1.3929389432114758e-11
6746.6569767442525  1.392115001649567e-11
 6747.601744186113 1.3912940880803936e-11
 6748.546511627974 1.3905059589213048e-11
6749.4912790698345 1.3893674311442737e-11
 6750.436046511695    1.3887257521835e-11
 6751.380813953556 1.3877442528963805e-11
6752.3255813954165 1.3867165915386513e-11
 6753.270348837277  1.385818138199856e-11
 6754.215116279138 1.3846531749186144e-11
 6755.159883720999 1.3837781083365861e-11
 6756.104651162859 1.3830198310891702e-11
  6757.04941860472 1.3822231960359543e-11
 6757.994186046581 1.3816710110554424e-11
 6758.938953488441 1.3809179137838928e-11
 6759.883720930302 1.3801360735269512e-11
 6760.828488372163 1.3789996225650883e-11
 6761.773255814023 1.3779779864981682e-11
 6762.718023255884 1.3773196294330943e-11
 6763.662790697745  1.375968000388569e-11
 6764.607558139605 1.3752044882739334e-11
 6765.552325581466 1.3744841225980771e-11
 6766.497093023327 1.3736710542765558e-11
 6767.441860465187 1.3727368950394525e-11
 6768.386627907048 1.3719269364788014e-11
 6769.331395348909 1.3707157817888522e-11
 6770.276162790769  1.369889329954915e-11
  6771.22093023263 1.3686278977535722e-11
 6772.165697674491 1.3674937467974349e-11
 6773.110465116351 1.3668092264131814e-11
 6774.055232558212 1.3657473251520028e-11
 6775.000000000073 1.3650463355729636e-11
 6775.944767441933  1.363836264717524e-11
 6776.889534883794 1.3627642049157117e-11
 6777.834302325655 1.3624166156339963e-11
6778.7790697675155 1.3615135246352819e-11
 6779.723837209376 1.3607060749764972e-11
 6780.668604651237 1.3601430848953338e-11
6781.6133720930975 1.3588976776465793e-11
 6782.558139534958 1.3582192923338503e-11
 6783.502906976819 1.3576682074318639e-11
6784.4476744186795 1.3563774012135034e-11
  6785.39244186054 1.3559436158672131e-11
 6786.337209302401 1.3551625167003612e-11
 6787.281976744262 1.3542607366815372e-11
 6788.226744186122 1.3536620254499756e-11
 6789.171511627983 1.3527059060499274e-11
 6790.116279069844 1.3519239739461664e-11
 6791.061046511704 1.3513884288570802e-11
 6792.005813953565 1.3503892896549478e-11
 6792.950581395426 1.3495698596386556e-11
 6793.895348837286 1.3485545336840788e-11
 6794.840116279147 1.3471805548023943e-11
 6795.784883721008 1.3468466167208919e-11
 6796.729651162868   1.34566870159162e-11
 6797.674418604729 1.3448928796758172e-11
  6798.61918604659  1.344704236438263e-11
  6799.56395348845 1.3434576033550597e-11
 6800.508720930311 1.3426228980064627e-11
 6801.453488372172 1.3417748665452952e-11
 6802.398255814032 1.3411635764167198e-11
 6803.343023255893 1.3402221214009833e-11
 6804.287790697754 1.3392030988930884e-11
 6805.232558139614 1.3383289114103481e-11
 6806.177325581475  1.337696717527751e-11
 6807.122093023336 1.3366885635334689e-11
 6808.066860465196 1.3359378983650967e-11
 6809.011627907057 1.3355635452771618e-11
 6809.956395348918 1.3349656536840414e-11
6810.9011627907785 1.3344566502565131e-11
 6811.845930232639 1.3334493519611796e-11
   6812.7906976745 1.3323499626180316e-11
6813.7354651163605   1.33136414188223e-11
 6814.680232558221 1.3308138654566386e-11
 6815.625000000082 1.3298669002496206e-11
6816.5697674419425 1.3287373909731943e-11
 6817.514534883803 1.3279666706992657e-11
 6818.459302325664  1.327711008487601e-11
 6819.404069767525  1.326831377583261e-11
 6820.348837209385 1.3260513081746554e-11
 6821.293604651246 1.3254260617141397e-11
 6822.238372093107 1.3244640614021761e-11
 6823.183139534967 1.3238576459492019e-11
 6824.127906976828 1.3228559731952531e-11
 6825.072674418689 1.3221194593805006e-11
 6826.017441860549 1.3216041939549103e-11
  6826.96220930241 1.3209838256134052e-11
 6827.906976744271 1.3206247385096602e-11
 6828.851744186131 1.3197673528038975e-11
 6829.796511627992 1.3192959286779734e-11
 6830.741279069853 1.3188562328913849e-11
 6831.686046511713 1.3179382890062528e-11
 6832.630813953574 1.3171334895794807e-11
 6833.575581395435 1.3164856316848645e-11
 6834.520348837295 1.3158309436201456e-11
 6835.465116279156 1.3152539074002397e-11
 6836.409883721017 1.3147074063280997e-11
 6837.354651162877  1.313610985776878e-11
 6838.299418604738 1.3131866979367856e-11
 6839.244186046599  1.312421859461723e-11
 6840.188953488459 1.3117174041635253e-11
  6841.13372093032 1.3110722975215397e-11
 6842.078488372181  1.310427027843849e-11
6843.0232558140415 1.3098882034872748e-11
 6843.968023255902 1.3093202218139002e-11
 6844.912790697763 1.3081941917418897e-11
6845.8575581396235 1.3080659052299891e-11
 6846.802325581484 1.3075987573569145e-11
 6847.747093023345 1.3069597243222114e-11
6848.6918604652055 1.3063397973961988e-11
 6849.636627907066 1.3056367322772715e-11
 6850.581395348927 1.3051459215979889e-11
 6851.526162790788 1.3047405048024194e-11
 6852.470930232648 1.3039303236442341e-11
 6853.415697674509 1.3034545045648758e-11
  6854.36046511637 1.3029895897824703e-11
  6855.30523255823  1.302291165389077e-11
 6856.250000000091 1.3018461855004732e-11
 6857.194767441952 1.3009887713586684e-11
 6858.139534883812 1.2999851978848257e-11
 6859.084302325673 1.2994380812916457e-11
 6860.029069767534 1.2982943865059909e-11
 6860.973837209394 1.2970879640937707e-11
 6861.918604651255 1.2959860655515248e-11
 6862.863372093116 1.2947976996089348e-11
 6863.808139534976   1.29354062855269e-11
 6864.752906976837 1.2921736013134287e-11
 6865.697674418698 1.2907480017723031e-11
 6866.642441860558 1.2890743021956914e-11
 6867.587209302419 1.2872064174436482e-11
  6868.53197674428 1.2849420464298997e-11
  6869.47674418614 1.2834278943190954e-11
 6870.421511628001 1.2813027492305787e-11
 6871.366279069862 1.2798139692238413e-11
 6872.311046511722  1.278403705413557e-11
 6873.255813953583 1.2766650393244046e-11
 6874.200581395444 1.2753813823570078e-11
6875.1453488373045 1.2741975091407355e-11
 6876.090116279165 1.2731134196755883e-11
 6877.034883721026 1.2721291139615661e-11
6877.9796511628865 1.2712445919986687e-11
 6878.924418604747 1.2704598537868962e-11
 6879.869186046608 1.2697748993262486e-11
6880.8139534884685 1.2693792563503478e-11
 6881.758720930329 1.2691543027371832e-11
  6882.70348837219 1.2692537200208712e-11
 6883.648255814051  1.268863443613886e-11
 6884.593023255911 1.2688577312811056e-11
 6885.537790697772 1.2685484953642102e-11
 6886.482558139633  1.268272278547953e-11
 6887.427325581493 1.2684242477616892e-11
 6888.372093023354  1.268220991604795e-11
 6889.316860465215 1.2680177354479001e-11
 6890.261627907075 1.2678144792910059e-11
 6891.206395348936 1.2676112231341116e-11
 6892.151162790797 1.2674079669772174e-11
 6893.095930232657  1.267204710820323e-11
 6894.040697674518 1.2670014546634282e-11
 6894.985465116379 1.2659255746030567e-11
 6895.930232558239 1.2657248280645282e-11
   6896.8750000001 1.2655265911443653e-11
 6897.819767441961  1.265330863842568e-11
 6898.764534883821 1.2651376461591364e-11
 6899.709302325682 1.2649469380940706e-11
 6900.654069767543 1.2647587396473708e-11
 6901.598837209403 1.2645730508190363e-11
 6902.543604651264 1.2643898716090677e-11
 6903.488372093125  1.264209202017465e-11
6904.4331395349855 1.2640181653932544e-11
 6905.377906976846  1.263826671820727e-11
 6906.322674418707 1.2636218446489097e-11
6907.2674418605675 1.2634036838778019e-11
 6908.212209302428 1.2631721895074039e-11
 6909.156976744289 1.2637818319449372e-11
6910.1017441861495 1.2635155711337292e-11
  6911.04651162801  1.263227877481002e-11
 6911.991279069871  1.262918750986755e-11
 6912.936046511732 1.2625881916509882e-11
 6913.880813953592 1.2621559372287757e-11
 6914.825581395453 1.2617824014866752e-11
 6915.770348837314 1.2613873221797609e-11
 6916.715116279174 1.2609706993080325e-11
 6917.659883721035 1.2605325328714901e-11
 6918.604651162896 1.2600152702773132e-11
 6919.549418604756 1.2594966092531588e-11
 6920.494186046617 1.2590382898277159e-11
 6921.438953488478 1.2585799263141256e-11
 6922.383720930338 1.2581215187123874e-11
 6923.328488372199 1.2576812205187576e-11
  6924.27325581406 1.2572454266758887e-11
  6925.21802325592 1.2566261527020244e-11
 6926.162790697781 1.2561807728918072e-11
 6927.107558139642 1.2557383764394007e-11
 6928.052325581502 1.2553792255897298e-11
 6928.997093023363 1.2549429065762375e-11
 6929.941860465224 1.2545096816438495e-11
 6930.886627907084  1.254079550792566e-11
 6931.831395348945 1.2536525140223866e-11
 6932.776162790806 1.2532990005771056e-11
 6933.720930232666  1.252931402644775e-11
 6934.665697674527  1.252500856847679e-11
 6935.610465116388 1.2520677488726768e-11
6936.5552325582485 1.2515198165621475e-11
 6937.500000000109 1.2506642763225353e-11
  6938.44476744197 1.2499133643373276e-11
6939.3895348838305 1.2498758481742519e-11
 6940.334302325691 1.2493869547662323e-11
 6941.279069767552 1.2488949064586798e-11
6942.2238372094125 1.2483997032515945e-11
 6943.168604651273 1.2478088787248462e-11
 6944.113372093134 1.2471227043741234e-11
 6945.058139534995 1.2462414961426448e-11
 6946.002906976855  1.245915438170104e-11
 6946.947674418716 1.2455866219581323e-11
 6947.892441860577 1.2450827730827822e-11
 6948.837209302437 1.2445655995360456e-11
 6949.781976744298 1.2440351013179235e-11
 6950.726744186159 1.2436035405860362e-11
 6951.671511628019 1.2434637009339395e-11
  6952.61627906988 1.2431862338668451e-11
 6953.561046511741 1.2423685097950389e-11
 6954.505813953601 1.2418179274909521e-11
 6955.450581395462 1.2412571754150126e-11
 6956.395348837323  1.240489068281155e-11
 6957.340116279183 1.2402096466994827e-11
 6958.284883721044 1.2395790156243152e-11
 6959.229651162905 1.2393755896906345e-11
 6960.174418604765 1.2386246814577647e-11
 6961.119186046626    1.2376288327818e-11
 6962.063953488487 1.2373532348940036e-11
 6963.008720930347 1.2366586982077173e-11
 6963.953488372208 1.2363205639244927e-11
 6964.898255814069 1.2359289947877846e-11
 6965.843023255929 1.2352259654581628e-11
  6966.78779069779 1.2346991856453584e-11
 6967.732558139651 1.2344905751857372e-11
6968.6773255815115  1.234028053957006e-11
 6969.622093023372 1.2335793003350533e-11
 6970.566860465233 1.2333414996059436e-11
6971.5116279070935 1.2324245748405974e-11
 6972.456395348954  1.232470707708816e-11
 6973.401162790815 1.2318307696880526e-11
6974.3459302326755 1.2314663742810123e-11
 6975.290697674536 1.2311239610742724e-11
 6976.235465116397 1.2302118648742293e-11
 6977.180232558258 1.2301827255026879e-11
 6978.125000000118 1.2297235338563366e-11
 6979.069767441979 1.2291386950838939e-11
  6980.01453488384 1.2288786356763469e-11
   6980.9593023257 1.2284556459239645e-11
 6981.904069767561 1.2279834624201395e-11
 6982.848837209422 1.2277920573461768e-11
 6983.793604651282 1.2270160680491823e-11
 6984.738372093143 1.2263337383942898e-11
 6985.683139535004 1.2262292724796151e-11
 6986.627906976864 1.2255787571742919e-11
 6987.572674418725 1.2252597758380645e-11
 6988.517441860586  1.224563991881834e-11
 6989.462209302446 1.2238494531977209e-11
 6990.406976744307 1.2235625877260501e-11
 6991.351744186168  1.222831258091902e-11
 6992.296511628028 1.2221931321970372e-11
 6993.241279069889 1.2219901122945879e-11
  6994.18604651175 1.2215734635210598e-11
  6995.13081395361 1.2210399318175074e-11
 6996.075581395471 1.2203521376072398e-11
 6997.020348837332 1.2196555698965919e-11
 6997.965116279192 1.2195479129625688e-11
 6998.909883721053 1.2193509229400366e-11
 6999.854651162914  1.218952784873291e-11
7000.7994186047745 1.2184300668801985e-11
 7001.744186046635 1.2180907288638174e-11
 7002.688953488496 1.2178494755323636e-11
7003.6337209303565  1.217857186049414e-11
 7004.578488372217 1.2174661808609316e-11
 7005.523255814078 1.2170734391146977e-11
7006.4680232559385 1.2165277700651937e-11
 7007.412790697799 1.2158949254874796e-11
  7008.35755813966  1.215480048347975e-11
 7009.302325581521 1.2151863927056262e-11
 7010.247093023381 1.2147956817073646e-11
 7011.191860465242 1.2143467967861737e-11
 7012.136627907103 1.2138858895935517e-11
 7013.081395348963 1.2136003674651263e-11
 7014.026162790824 1.2129008309451692e-11
 7014.970930232685 1.2128570668162456e-11
 7015.915697674545 1.2126991234503014e-11
 7016.860465116406 1.2120710593221874e-11
 7017.805232558267 1.2117611001989767e-11
 7018.750000000127 1.2112981840434924e-11
 7019.694767441988 1.2109146511184337e-11
 7020.639534883849 1.2106794414220346e-11
 7021.584302325709  1.210290333033929e-11
  7022.52906976757  1.209963057873618e-11
 7023.473837209431 1.2096746920344299e-11
 7024.418604651291 1.2089166873150229e-11
 7025.363372093152 1.2087697714021402e-11
 7026.308139535013 1.2084536786476085e-11
 7027.252906976873 1.2076798630711784e-11
 7028.197674418734  1.207700755549981e-11
 7029.142441860595  1.207097862146215e-11
 7030.087209302455 1.2063944574663148e-11
 7031.031976744316 1.2062954840386485e-11
 7031.976744186177 1.2060275881958429e-11
7032.9215116280375 1.2059003530799332e-11
 7033.866279069898 1.2055655685449881e-11
 7034.811046511759 1.2046468009129582e-11
7035.7558139536195 1.2043029363183595e-11
  7036.70058139548 1.2035713004648424e-11
 7037.645348837341  1.202773649378051e-11
7038.5901162792015  1.202665278001336e-11
 7039.534883721062   1.20197925512457e-11
 7040.479651162923 1.2014680030644498e-11
 7041.424418604784 1.2012326604655962e-11
 7042.369186046644 1.2005243095032993e-11
 7043.313953488505 1.1999364442259899e-11
 7044.258720930366 1.1995005963368284e-11
 7045.203488372226 1.1989242865117572e-11
 7046.148255814087 1.1981926426510755e-11
 7047.093023255948  1.197467143649925e-11
 7048.037790697808 1.1966595692085792e-11
 7048.982558139669 1.1967007483219972e-11
  7049.92732558153  1.196141084502883e-11
  7050.87209302339 1.1959675838596546e-11
 7051.816860465251  1.195661938539493e-11
 7052.761627907112  1.195079352760545e-11
 7053.706395348972 1.1945682599894415e-11
 7054.651162790833 1.1942515175979396e-11
 7055.595930232694 1.1938741304706684e-11
 7056.540697674554 1.1934573467026828e-11
 7057.485465116415 1.1930490749878484e-11
 7058.430232558276 1.1926166513862293e-11
 7059.375000000136 1.1922657746037068e-11
 7060.319767441997 1.1918305080662078e-11
 7061.264534883858 1.1914090765338431e-11
 7062.209302325718 1.1908779849908255e-11
 7063.154069767579 1.1904374387055548e-11
  7064.09883720944 1.1898019377101054e-11
7065.0436046513005 1.1891922681822695e-11
 7065.988372093161 1.1891132627753803e-11
 7066.933139535022  1.188732545715679e-11
7067.8779069768825 1.1884766437203138e-11
 7068.822674418743 1.1880285490164196e-11
 7069.767441860604 1.1874189811629328e-11
7070.7122093024645 1.1871655448901583e-11
 7071.656976744325 1.1868685316322873e-11
 7072.601744186186 1.1864127332333373e-11
 7073.546511628047 1.1861570164278827e-11
 7074.491279069907 1.1857653428359854e-11
 7075.436046511768 1.1851961727887147e-11
 7076.380813953629 1.1851797416150432e-11
 7077.325581395489 1.1846363964178242e-11
  7078.27034883735 1.1844640279798089e-11
 7079.215116279211 1.1842395519499674e-11
 7080.159883721071  1.183494430320793e-11
 7081.104651162932 1.1834278960874518e-11
 7082.049418604793 1.1827228031252716e-11
 7082.994186046653  1.182192410316788e-11
 7083.938953488514 1.1818802323770794e-11
 7084.883720930375 1.1810716270049757e-11
 7085.828488372235 1.1807062284591163e-11
 7086.773255814096 1.1803799476769014e-11
 7087.718023255957 1.1797316983021531e-11
 7088.662790697817  1.179406310969559e-11
 7089.607558139678  1.179107849145887e-11
 7090.552325581539  1.178610130131565e-11
 7091.497093023399  1.178515389619491e-11
  7092.44186046526 1.1781269097353173e-11
 7093.386627907121 1.1777279058183028e-11
7094.3313953489815 1.1775872854898737e-11
 7095.276162790842 1.1769300701160522e-11
 7096.220930232703 1.1769035306725868e-11
7097.1656976745635 1.1766445014436542e-11
 7098.110465116424 1.1762633805276965e-11
 7099.055232558285 1.1763387451353457e-11
7100.0000000001455 1.1756529250097796e-11
 7100.944767442006 1.1753866150869894e-11
 7101.889534883867 1.1751967766252723e-11
 7102.834302325728 1.1745454434027766e-11
 7103.779069767588 1.1742178279037453e-11
 7104.723837209449 1.1740871901924199e-11
  7105.66860465131 1.1733398551355833e-11
  7106.61337209317  1.172969897627191e-11
 7107.558139535031 1.1726351338453599e-11
 7108.502906976892 1.1722355514662076e-11
 7109.447674418752 1.1720760990625222e-11
 7110.392441860613 1.1715980764874262e-11
 7111.337209302474 1.1711014584611657e-11
 7112.281976744334 1.1709295308360052e-11
 7113.226744186195 1.1707031625529924e-11
 7114.171511628056 1.1706766614323051e-11
 7115.116279069916 1.1703326850661367e-11
 7116.061046511777 1.1696652659479036e-11
 7117.005813953638 1.1695259453454223e-11
 7117.950581395498 1.1693496133500171e-11
 7118.895348837359  1.168799850487004e-11
  7119.84011627922 1.1685295958550077e-11
  7120.78488372108 1.1682506386615243e-11
 7121.729651162941 1.1681572129783303e-11
 7122.674418604802 1.1679426554558795e-11
 7123.619186046662 1.1676069375173739e-11
 7124.563953488523 1.1674783514415424e-11
 7125.508720930384  1.167260532978446e-11
7126.4534883722445 1.1669378497854213e-11
 7127.398255814105 1.1663711499321045e-11
 7128.343023255966 1.1659649560661081e-11
7129.2877906978265 1.1656078768177654e-11
 7130.232558139687 1.1654311938180826e-11
 7131.177325581548 1.1652775675764877e-11
7132.1220930234085 1.1647355474146913e-11
 7133.066860465269 1.1644825510749912e-11
  7134.01162790713 1.1642310732337187e-11
 7134.956395348991 1.1640466370103023e-11
 7135.901162790851 1.1634943808702737e-11
 7136.845930232712 1.1630279877696608e-11
 7137.790697674573 1.1626487081648876e-11
 7138.735465116433 1.1622258059143009e-11
 7139.680232558294 1.1619814194619701e-11
 7140.625000000155 1.1616582580412086e-11
 7141.569767442015 1.1614380984521546e-11
 7142.514534883876 1.1610822836503502e-11
 7143.459302325737 1.1608066878345776e-11
 7144.404069767597 1.1606508423466699e-11
 7145.348837209458 1.1603156559505585e-11
 7146.293604651319 1.1601987658777681e-11
 7147.238372093179 1.1599567638990153e-11
  7148.18313953504 1.1597191555093471e-11
 7149.127906976901 1.1594419817824493e-11
 7150.072674418761 1.1591481403863825e-11
 7151.017441860622 1.1585749096850569e-11
 7151.962209302483 1.1586405311549026e-11
 7152.906976744343 1.1583960898260858e-11
 7153.851744186204  1.158221207403913e-11
 7154.796511628065 1.1580587874090542e-11
 7155.741279069925 1.1578425482958647e-11
 7156.686046511786 1.1579522295540796e-11
 7157.630813953647 1.1579080546782611e-11
7158.5755813955075 1.1577928462516663e-11
 7159.520348837368 1.1576805827904674e-11
 7160.465116279229 1.1576042266079128e-11
7161.4098837210895  1.157516460170776e-11
  7162.35465116295 1.1575410867084943e-11
 7163.299418604811 1.1573257153388059e-11
7164.2441860466715 1.1572604695261487e-11
 7165.188953488532   1.15747533709061e-11
 7166.133720930393 1.1570520765557594e-11
 7167.078488372254 1.1569396028914306e-11
 7168.023255814114  1.156758294392317e-11
 7168.968023255975 1.1565652475377492e-11
 7169.912790697836  1.156360462327726e-11
 7170.857558139696 1.1559738617193073e-11
 7171.802325581557 1.1555633755427578e-11
 7172.747093023418 1.1554745281562235e-11
 7173.691860465278  1.155441370405068e-11
 7174.636627907139 1.1551182050492782e-11
    7175.581395349 1.1547719124415211e-11
  7176.52616279086  1.154406001837987e-11
 7177.470930232721 1.1540204732386754e-11
 7178.415697674582 1.1536153266435868e-11
 7179.360465116442 1.1531905620527207e-11
 7180.305232558303 1.1527461794660772e-11
 7181.250000000164 1.1515560620875004e-11
 7182.194767442024 1.1506135484590147e-11
 7183.139534883885 1.1501384999826923e-11
 7184.084302325746  1.149678928046337e-11
 7185.029069767606 1.1492348326499488e-11
 7185.973837209467  1.148912186269918e-11
 7186.918604651328 1.1483573561560117e-11
 7187.863372093188  1.147762312946693e-11
 7188.808139535049  1.147133911254679e-11
  7189.75290697691  1.147149834904309e-11
7190.6976744187705 1.1472090369307596e-11
 7191.642441860631 1.1470284086912017e-11
 7192.587209302492  1.146865180032807e-11
7193.5319767443525 1.1467193509555757e-11
 7194.476744186213 1.1465909214595082e-11
 7195.421511628074 1.1472060083407597e-11
7196.3662790699345 1.1475712730573068e-11
 7197.311046511795 1.1474668542070762e-11
 7198.255813953656 1.1473447404022649e-11
 7199.200581395517 1.1472049316428725e-11
 7200.145348837377 1.1470474279288993e-11
 7201.090116279238  1.146042349443285e-11
 7202.034883721099 1.1461028314641083e-11
 7202.979651162959  1.146176398382139e-11
  7203.92441860482 1.1457200337365103e-11
 7204.869186046681 1.1452580840439752e-11
 7205.813953488541  1.145073657947362e-11
 7206.758720930402  1.144909525599499e-11
 7207.703488372263 1.1447656870003862e-11
 7208.648255814123 1.1446421421500236e-11
 7209.593023255984 1.1445728461994178e-11
 7210.537790697845 1.1446717909760412e-11
 7211.482558139705 1.1445977202160703e-11
 7212.427325581566 1.1445318151101863e-11
 7213.372093023427 1.1443485169315267e-11
 7214.316860465287   1.14417598072491e-11
 7215.261627907148 1.1450194523111889e-11
 7216.206395349009  1.144980810114048e-11
 7217.151162790869  1.144858131149973e-11
  7218.09593023273 1.1450039535962033e-11
 7219.040697674591 1.1450453788363987e-11
 7219.985465116451 1.1449736483943091e-11
 7220.930232558312 1.1448215387930175e-11
 7221.875000000173   1.14453475907739e-11
7222.8197674420335 1.1444059728682412e-11
 7223.764534883894 1.1440729282419645e-11
 7224.709302325755 1.1435920757878077e-11
7225.6540697676155  1.143275714587996e-11
 7226.598837209476 1.1429426634518484e-11
 7227.543604651337 1.1427184811062272e-11
7228.4883720931975 1.1424750125063147e-11
 7229.433139535058 1.1420368916483177e-11
 7230.377906976919 1.1408742495146578e-11
  7231.32267441878 1.1405496295853378e-11
  7232.26744186064 1.1399379729329987e-11
 7233.212209302501 1.1394145805939297e-11
 7234.156976744362 1.1389882110443818e-11
 7235.101744186222 1.1386260877612714e-11
 7236.046511628083 1.1383825016997329e-11
 7236.991279069944 1.1379647892389513e-11
 7237.936046511804 1.1377012471515258e-11
 7238.880813953665  1.137421433020738e-11
 7239.825581395526 1.1371543040281848e-11
 7240.770348837386 1.1367578026207527e-11
 7241.715116279247 1.1366945125016167e-11
 7242.659883721108 1.1361703652620267e-11
 7243.604651162968 1.1359309483485588e-11
 7244.549418604829 1.1362187770853586e-11
  7245.49418604669  1.136064549212465e-11
  7246.43895348855 1.1358392377638554e-11
 7247.383720930411 1.1356136315114631e-11
 7248.328488372272 1.1352674164647818e-11
 7249.273255814132 1.1349257396059928e-11
 7250.218023255993 1.1346809041208787e-11
 7251.162790697854 1.1344308472367557e-11
7252.1075581397145 1.1341755689536241e-11
 7253.052325581575 1.1339150692714837e-11
 7253.997093023436 1.1336493481903346e-11
7254.9418604652965 1.1335204632632901e-11
 7255.886627907157 1.1330658307871758e-11
 7256.831395349018  1.133079519170741e-11
7257.7761627908785 1.1328159409674102e-11
 7258.720930232739 1.1325474361688533e-11
   7259.6656976746 1.1319224098666484e-11
 7260.610465116461 1.1314532691138712e-11
 7261.555232558321 1.1310165952566066e-11
 7262.500000000182 1.1308658057862903e-11
 7263.444767442043 1.1307153458916258e-11
 7264.389534883903   1.13047291238683e-11
 7265.334302325764 1.1302405680445869e-11
 7266.279069767625  1.130018312864897e-11
 7267.223837209485 1.1298061468477599e-11
 7268.168604651346 1.1296040699931754e-11
 7269.113372093207 1.1294120823011439e-11
 7270.058139535067 1.1292301837716652e-11
 7271.002906976928 1.1290583744047392e-11
 7271.947674418789 1.1288966542003665e-11
 7272.892441860649 1.1286440318846109e-11
  7273.83720930251 1.1286800661796444e-11
 7274.781976744371 1.1287171033687506e-11
 7275.726744186231 1.1290261747321746e-11
 7276.671511628092 1.1288696020888415e-11
 7277.616279069953 1.1285636156807428e-11
 7278.561046511813 1.1284255937502786e-11
 7279.505813953674 1.1282853190348099e-11
 7280.450581395535 1.1281427915343376e-11
 7281.395348837395  1.127998011248861e-11
 7282.340116279256 1.1278509781783806e-11
 7283.284883721117 1.1277016923228962e-11
7284.2296511629775  1.127550153682408e-11
 7285.174418604838 1.1273963622569157e-11
 7286.119186046699 1.1272403180464196e-11
7287.0639534885595 1.1271830123248543e-11
  7288.00872093042 1.1270264148858324e-11
 7288.953488372281 1.1269941475270001e-11
7289.8982558141415 1.1263546054634205e-11
 7290.843023256002 1.1261138014684066e-11
 7291.787790697863  1.126224134300714e-11
 7292.732558139724 1.1260671369897767e-11
 7293.677325581584 1.1259194301490074e-11
 7294.622093023445 1.1257715160991805e-11
 7295.566860465306 1.1256233948402959e-11
 7296.511627907166 1.1254750663723528e-11
 7297.456395349027 1.1253265306953522e-11
 7298.401162790888 1.1254114249980586e-11
 7299.345930232748 1.1252465959492022e-11
 7300.290697674609 1.1247025495626817e-11
  7301.23546511647 1.1245296314530376e-11
  7302.18023255833  1.124523873668723e-11
 7303.125000000191  1.124236901075731e-11
 7304.069767442052 1.1242527058326694e-11
 7305.014534883912 1.1241698498463709e-11
 7305.959302325773 1.1238801119452024e-11
 7306.904069767634  1.123497987767091e-11
 7307.848837209494 1.1233714259552994e-11
 7308.793604651355 1.1233485476166537e-11
 7309.738372093216 1.1231311279779646e-11
 7310.683139535076 1.1229162662244264e-11
 7311.627906976937  1.122703962356039e-11
 7312.572674418798 1.1222605791840373e-11
 7313.517441860658 1.1220692700396914e-11
 7314.462209302519  1.122068060127925e-11
  7315.40697674438 1.1215420138145389e-11
7316.3517441862405 1.1215315004144916e-11
 7317.296511628101 1.1214610965212184e-11
 7318.241279069962 1.1210474669904056e-11
7319.1860465118225 1.1209899096904481e-11
 7320.130813953683 1.1208728656064877e-11
 7321.075581395544 1.1209210405813326e-11
7322.0203488374045 1.1207258390583216e-11
 7322.965116279265 1.1202184037208689e-11
 7323.909883721126 1.1195916062542611e-11
 7324.854651162987 1.1192925727315402e-11
 7325.799418604847 1.1189643100889112e-11
 7326.744186046708  1.118606818326374e-11
 7327.688953488569 1.1183184925547952e-11
 7328.633720930429 1.1182655146299606e-11
  7329.57848837229 1.1182463566069257e-11
 7330.523255814151 1.1176008551162431e-11
 7331.468023256011 1.1168408501773709e-11
 7332.412790697872 1.1164363837335282e-11
 7333.357558139733 1.1157820624604604e-11
 7334.302325581593 1.1153394529461045e-11
 7335.247093023454 1.1147794167793453e-11
 7336.191860465315 1.1142736472593717e-11
 7337.136627907175 1.1139782877767042e-11
 7338.081395349036 1.1139986914192468e-11
 7339.026162790897  1.113903560080407e-11
 7339.970930232757 1.1136785216992785e-11
 7340.915697674618 1.1132640677429715e-11
 7341.860465116479 1.1129538263197101e-11
 7342.805232558339 1.1125950892747898e-11
   7343.7500000002 1.1123539745728151e-11
 7344.694767442061 1.1124815983867294e-11
 7345.639534883921 1.1124027702571228e-11
 7346.584302325782 1.1124372613946782e-11
 7347.529069767643 1.1123603170921933e-11
7348.4738372095035 1.1121259297765875e-11
 7349.418604651364 1.1120251251064099e-11
 7350.363372093225 1.1118404533450936e-11
7351.3081395350855 1.1114530559355804e-11
 7352.252906976946 1.1113594710053067e-11
 7353.197674418807 1.1107796456619507e-11
7354.1424418606675 1.1103361604951937e-11
 7355.087209302528  1.110344963494165e-11
 7356.031976744389 1.1100912738692098e-11
  7356.97674418625   1.10989199985234e-11
  7357.92151162811   1.10966035202307e-11
 7358.866279069971 1.1090812596217046e-11
 7359.811046511832  1.108919930153702e-11
 7360.755813953692 1.1088880569755392e-11
 7361.700581395553 1.1087043357062966e-11
 7362.645348837414  1.108549554092483e-11
 7363.590116279274 1.1082613254980505e-11
 7364.534883721135 1.1080174331384044e-11
 7365.479651162996 1.1078630020284174e-11
 7366.424418604856 1.1076653369151975e-11
 7367.369186046717  1.107618548574214e-11
 7368.313953488578 1.1077763670411824e-11
 7369.258720930438 1.1074370955930395e-11
 7370.203488372299 1.1072542998572008e-11
  7371.14825581416 1.1069584899781259e-11
  7372.09302325602 1.1068083471149755e-11
 7373.037790697881 1.1068236530133905e-11
 7373.982558139742 1.1064397450149788e-11
 7374.927325581602 1.1059616733851604e-11
 7375.872093023463 1.1059508611926355e-11
 7376.816860465324 1.1058442516813726e-11
 7377.761627907184   1.10585796577252e-11
 7378.706395349045 1.1059189454556645e-11
 7379.651162790906  1.105934483669705e-11
7380.5959302327665 1.1055328764054291e-11
 7381.540697674627 1.1053398087128613e-11
 7382.485465116488  1.105016938573635e-11
7383.4302325583485 1.1048757809426803e-11
 7384.375000000209 1.1048905101243755e-11
  7385.31976744207 1.1046913588939059e-11
7386.2645348839305 1.1043132939659921e-11
 7387.209302325791 1.1036898706827644e-11
 7388.154069767652 1.1037153739187119e-11
 7389.098837209513  1.103575623484672e-11
 7390.043604651373 1.1031286147249121e-11
 7390.988372093234 1.1027566166489553e-11
 7391.933139535095 1.1023747246034264e-11
 7392.877906976955 1.1020901980696658e-11
 7393.822674418816 1.1016543221471461e-11
 7394.767441860677  1.101609301662395e-11
 7395.712209302537 1.1015224325011312e-11
 7396.656976744398 1.1011365840628323e-11
 7397.601744186259 1.1012389345401535e-11
 7398.546511628119 1.1009623410075885e-11
  7399.49127906998 1.1007700910599906e-11
 7400.436046511841 1.1010640787233515e-11
 7401.380813953701 1.1009785204876221e-11
 7402.325581395562  1.101175717706242e-11
 7403.270348837423 1.1009892217952296e-11
 7404.215116279283 1.1007094635597142e-11
 7405.159883721144 1.1006623723214698e-11
 7406.104651163005 1.1008674440171813e-11
 7407.049418604865 1.1004554604966134e-11
 7407.994186046726 1.1007853286799142e-11
 7408.938953488587 1.1004740863664369e-11
 7409.883720930447  1.100134799937387e-11
 7410.828488372308 1.1001988671396347e-11
 7411.773255814169 1.0998039135816339e-11
7412.7180232560295 1.0995516675252316e-11
  7413.66279069789 1.0994791853040129e-11
 7414.607558139751   1.09897771443859e-11
7415.5523255816115 1.0991219272228621e-11
 7416.497093023472 1.0986999092575972e-11
 7417.441860465333 1.0985358369895329e-11
7418.3866279071935 1.0983600321188021e-11
 7419.331395349054 1.0980630904695203e-11
 7420.276162790915 1.0975357835094279e-11
 7421.220930232776 1.0974353447024282e-11
 7422.165697674636 1.0969198289832168e-11
 7423.110465116497 1.0966734319480996e-11
 7424.055232558358   1.09649399824346e-11
 7425.000000000218 1.0962479937165245e-11
 7425.944767442079  1.096254175101933e-11
  7426.88953488394 1.0959824183960873e-11
   7427.8343023258 1.0954103414574579e-11
 7428.779069767661 1.0950495803590394e-11
 7429.723837209522 1.0948726579218171e-11
 7430.668604651382 1.0948411421972283e-11
 7431.613372093243 1.0948640888649585e-11
 7432.558139535104 1.0948919391645495e-11
 7433.502906976964 1.0950744217530985e-11
 7434.447674418825 1.0953356924036102e-11
 7435.392441860686 1.0954703978755076e-11
 7436.337209302546  1.095661433378386e-11
 7437.281976744407  1.095916065914026e-11
 7438.226744186268 1.0961269667515221e-11
 7439.171511628128 1.0961105740623469e-11
 7440.116279069989 1.0963021624756806e-11
  7441.06104651185 1.0965200067777669e-11
7442.0058139537105  1.097032467221431e-11
 7442.950581395571 1.0973279077336784e-11
 7443.895348837432 1.0973293626073295e-11
7444.8401162792925 1.0971688209617003e-11
 7445.784883721153 1.0970704578120271e-11
 7446.729651163014  1.097055815544519e-11
7447.6744186048745 1.0968632944179676e-11
 7448.619186046735  1.096277996272361e-11
 7449.563953488596 1.0958737252768882e-11
 7450.508720930457 1.0951860209386971e-11
 7451.453488372317 1.0947601165393125e-11
 7452.398255814178 1.0946551461493551e-11
 7453.343023256039 1.0945088788823923e-11
 7454.287790697899 1.0937974446577578e-11
  7455.23255813976 1.0933971523233859e-11
 7456.177325581621 1.0931988316608045e-11
 7457.122093023481 1.0929372153013124e-11
 7458.066860465342 1.0926490658425411e-11
 7459.011627907203  1.092468740023807e-11
 7459.956395349063 1.0922746400948589e-11
 7460.901162790924 1.0920928773896124e-11
 7461.845930232785 1.0919859070991523e-11
 7462.790697674645 1.0920579723092538e-11
 7463.735465116506 1.0923719435464255e-11
 7464.680232558367 1.0922858490261007e-11
 7465.625000000227 1.0925856129082152e-11
 7466.569767442088 1.0921111506542541e-11
 7467.514534883949 1.0918162517399303e-11
 7468.459302325809 1.0918754117563322e-11
  7469.40406976767 1.0918895559933625e-11
 7470.348837209531 1.0917218765581966e-11
 7471.293604651391 1.0916929182995537e-11
 7472.238372093252 1.0915747103515731e-11
 7473.183139535113 1.0913395628557322e-11
7474.1279069769735 1.0915123122371415e-11
 7475.072674418834 1.0915812135143333e-11
 7476.017441860695 1.0915113184148338e-11
7476.9622093025555 1.0916721412567297e-11
 7477.906976744416 1.0910920067694564e-11
 7478.851744186277 1.0913609477138252e-11
7479.7965116281375 1.0913752504661296e-11
 7480.741279069998 1.0916230874958209e-11
 7481.686046511859 1.0918665834750828e-11
  7482.63081395372  1.091585916742883e-11
  7483.57558139558 1.0915908888957463e-11
 7484.520348837441 1.0916015430047895e-11
 7485.465116279302 1.0915626015899954e-11
 7486.409883721162  1.091805569543599e-11
 7487.354651163023 1.0920208771435945e-11
 7488.299418604884 1.0914823367330802e-11
 7489.244186046744 1.0913964659611341e-11
 7490.188953488605 1.0914381854825026e-11
 7491.133720930466 1.0910437960922224e-11
 7492.078488372326 1.0911951102367526e-11
 7493.023255814187  1.091317077864236e-11
 7493.968023256048 1.0908160785776724e-11
 7494.912790697908 1.0904876661132243e-11
 7495.857558139769 1.0902228883897524e-11
  7496.80232558163 1.0903919753318177e-11
  7497.74709302349  1.090408655380255e-11
 7498.691860465351 1.0904246681098882e-11
 7499.636627907212 1.0905980883239254e-11
 7500.581395349072 1.0904026792085675e-11
 7501.526162790933 1.0902700713202484e-11
 7502.470930232794 1.0905232136410112e-11
 7503.415697674654 1.0904412221693296e-11
 7504.360465116515 1.0904056402906217e-11
 7505.305232558376 1.0903888696672551e-11
7506.2500000002365 1.0905022251719563e-11
 7507.194767442097 1.0902352606424922e-11
 7508.139534883958 1.0902291299371196e-11
7509.0843023258185 1.0904951346839827e-11
 7510.029069767679 1.0904193252648722e-11
  7510.97383720954  1.090417615788326e-11
7511.9186046514005 1.0904433278870811e-11
 7512.863372093261 1.0903670240465314e-11
 7513.808139535122 1.0898164252424277e-11
 7514.752906976983 1.0897093708710554e-11
 7515.697674418843 1.0894845807738467e-11
 7516.642441860704 1.0893426751260048e-11
 7517.587209302565 1.0892762377488085e-11
 7518.531976744425 1.0889548643077112e-11
 7519.476744186286 1.0889948709991466e-11
 7520.421511628147 1.0887776087400667e-11
 7521.366279070007 1.0890392117889257e-11
 7522.311046511868 1.0891807002406188e-11
 7523.255813953729 1.0887075844794295e-11
 7524.200581395589   1.08892442710937e-11
  7525.14534883745 1.0889618278631382e-11
 7526.090116279311  1.088593508781212e-11
 7527.034883721171 1.0888077073611359e-11
 7527.979651163032 1.0889942348216532e-11
 7528.924418604893 1.0889549987526537e-11
 7529.869186046753 1.0892662813991049e-11
 7530.813953488614 1.0892051222805485e-11
 7531.758720930475 1.0893903455106627e-11
 7532.703488372335 1.0897127872785991e-11
 7533.648255814196 1.0895360318322808e-11
 7534.593023256057  1.089989639918969e-11
 7535.537790697917 1.0899406324970123e-11
 7536.482558139778 1.0897508424712199e-11
 7537.427325581639 1.0902198527595828e-11
7538.3720930234995 1.0905189431813965e-11
  7539.31686046536 1.0905410650096366e-11
 7540.261627907221  1.090891350014947e-11
7541.2063953490815 1.0906076479697431e-11
 7542.151162790942  1.090760931512721e-11
 7543.095930232803   1.09095056138527e-11
7544.0406976746635 1.0908128706088794e-11
 7544.985465116524 1.0911471364852516e-11
 7545.930232558385 1.0908962852566477e-11
 7546.875000000246 1.0907833612861372e-11
 7547.819767442106 1.0912722495789435e-11
 7548.764534883967 1.0907761779097798e-11
 7549.709302325828 1.0905769087410985e-11
 7550.654069767688 1.0906199352834053e-11
 7551.598837209549 1.0904713413511458e-11
  7552.54360465141 1.0903714631519282e-11
  7553.48837209327 1.0905157735695805e-11
 7554.433139535131 1.0903943469568687e-11
 7555.377906976992  1.090410514302984e-11
 7556.322674418852 1.0904883369475175e-11
 7557.267441860713 1.0905983370144548e-11
 7558.212209302574 1.0908116122504713e-11
 7559.156976744434   1.09063934380882e-11
 7560.101744186295 1.0911330091613251e-11
 7561.046511628156  1.091339604061769e-11
 7561.991279070016 1.0911971661366037e-11
 7562.936046511877 1.0913715909723026e-11
 7563.880813953738 1.0915933190552821e-11
 7564.825581395598 1.0920146889464842e-11
 7565.770348837459 1.0921237041563898e-11
  7566.71511627932  1.091873866818969e-11
  7567.65988372118 1.0918050592151874e-11
 7568.604651163041 1.0918345693710734e-11
 7569.549418604902  1.091985661056483e-11
7570.4941860467625 1.0923351613495748e-11
 7571.438953488623 1.0923084370675778e-11
 7572.383720930484  1.092141920521344e-11
7573.3284883723445 1.0924801475938226e-11
 7574.273255814205 1.0924490528289614e-11
 7575.218023256066 1.0926723113420715e-11
7576.1627906979265 1.0931137746399043e-11
 7577.107558139787  1.093536502586898e-11
 7578.052325581648 1.0937807206001146e-11
 7578.997093023509 1.0938459076327486e-11
 7579.941860465369 1.0941409574206075e-11
  7580.88662790723 1.0945416329893127e-11
 7581.831395349091 1.0945200177884417e-11
 7582.776162790951   1.09498401432369e-11
 7583.720930232812 1.0950631728475539e-11
 7584.665697674673 1.0943777717878358e-11
 7585.610465116533 1.0946713931553206e-11
 7586.555232558394 1.0951140506341243e-11
 7587.500000000255 1.0952730901915949e-11
 7588.444767442115 1.0954167656347434e-11
 7589.389534883976 1.0954023048562498e-11
 7590.334302325837 1.0954132187629196e-11
 7591.279069767697 1.0955436389611729e-11
 7592.223837209558 1.0957292665368143e-11
 7593.168604651419 1.0959921163971874e-11
 7594.113372093279 1.0962464885462006e-11
  7595.05813953514 1.0964923829838544e-11
 7596.002906977001  1.097036769354582e-11
 7596.947674418861 1.0972037246746224e-11
 7597.892441860722 1.0976686715311374e-11
 7598.837209302583 1.0985638634421767e-11
 7599.781976744443 1.0988166619179679e-11
 7600.726744186304 1.0990694603937589e-11
 7601.671511628165  1.099068341877865e-11
7602.6162790700255 1.0991538298150145e-11
 7603.561046511886 1.0993082099976918e-11
 7604.505813953747 1.0993995218684057e-11
7605.4505813956075  1.099427765427156e-11
 7606.395348837468  1.099392940673943e-11
 7607.340116279329 1.0992950476087668e-11
7608.2848837211895 1.0991340862316271e-11
  7609.22965116305 1.0989100565425238e-11
 7610.174418604911 1.0977738495006872e-11
 7611.119186046772 1.0970604332903507e-11
 7612.063953488632  1.095466121780371e-11
 7613.008720930493 1.0951200280686037e-11
 7613.953488372354 1.0949507225977098e-11
 7614.898255814214 1.0945362898421158e-11
 7615.843023256075  1.094386007138641e-11
 7616.787790697936 1.0941593510425567e-11
 7617.732558139796 1.0938740357613782e-11
 7618.677325581657 1.0936620218525969e-11
 7619.622093023518 1.0935233093162133e-11
 7620.566860465378 1.0934578981522268e-11
 7621.511627907239 1.0934657883606377e-11
   7622.4563953491 1.0935469799414461e-11
  7623.40116279096 1.0937014728946517e-11
 7624.345930232821 1.0947783762610246e-11
 7625.290697674682 1.0954427218563316e-11
 7626.235465116542 1.0969981958117158e-11
 7627.180232558403 1.0973156850293213e-11
 7628.125000000264 1.0974666190664872e-11
 7629.069767442124 1.0978729134487874e-11
 7630.014534883985 1.0982792078310875e-11
 7630.959302325846 1.0986855022133876e-11
7631.9040697677065 1.0990917965956877e-11
 7632.848837209567  1.099498090977988e-11
 7633.793604651428 1.0999043853602882e-11
7634.7383720932885 1.1003106797425883e-11
 7635.683139535149 1.1007169741248884e-11
  7636.62790697701 1.1011232685071884e-11
7637.5726744188705 1.1015295628894887e-11
 7638.517441860731 1.1019358572717888e-11
 7639.462209302592  1.102342151654089e-11
 7640.406976744453 1.1023660831631089e-11
 7641.351744186313 1.1027464881247063e-11
 7642.296511628174 1.1031010036656006e-11
 7643.241279070035 1.1034296297857922e-11
 7644.186046511895 1.1037323664852809e-11
 7645.130813953756 1.1037724250996578e-11
 7646.075581395617 1.1040305412334418e-11
 7647.020348837477 1.1042699262222239e-11
 7647.965116279338  1.104490580066004e-11
 7648.909883721199 1.1046925027647821e-11
 7649.854651163059 1.1048756943185582e-11
  7650.79941860492 1.1046085204170249e-11
 7651.744186046781 1.1047426224049191e-11
 7652.688953488641 1.1048463659719337e-11
 7653.633720930502 1.1049197511180684e-11
 7654.578488372363 1.1053451407166036e-11
 7655.523255814223 1.1053836984416815e-11
 7656.468023256084 1.1054177871665821e-11
 7657.412790697945 1.1054474068913059e-11
 7658.357558139805 1.1054725576158526e-11
 7659.302325581666  1.105730028004631e-11
 7660.247093023527 1.1057390824531228e-11
 7661.191860465387 1.1057365096257364e-11
 7662.136627907248 1.1047051658460777e-11
 7663.081395349109 1.1046926475545547e-11
7664.0261627909695 1.1046818110747724e-11
  7664.97093023283 1.1051042907170387e-11
 7665.915697674691 1.1051084451366162e-11
7666.8604651165515 1.1051259086438128e-11
 7667.805232558412 1.1051566812386281e-11
 7668.750000000273 1.1052007629210624e-11
7669.6947674421335 1.1052581536911157e-11
 7670.639534883994 1.1053288535487879e-11
 7671.584302325855  1.105412862494079e-11
 7672.529069767716 1.1055101805269887e-11
 7673.473837209576 1.1056208076475178e-11
 7674.418604651437 1.1054054731440469e-11
 7675.363372093298 1.1055508938325498e-11
 7676.308139535158 1.1067349426778026e-11
 7677.252906977019 1.1069100232393974e-11
  7678.19767441888 1.1070932791937287e-11
  7679.14244186074 1.1072847105407962e-11
 7680.087209302601 1.1074843172806004e-11
 7681.031976744462 1.1076920994131406e-11
 7681.976744186322 1.1079080569384173e-11
 7682.921511628183 1.1081321898564308e-11
 7683.866279070044 1.1083644981671803e-11
 7684.811046511904 1.1088167276561883e-11
 7685.755813953765 1.1089290612710835e-11
 7686.700581395626 1.1092048665249172e-11
 7687.645348837486 1.1094306465113031e-11
 7688.590116279347  1.109996979310918e-11
 7689.534883721208 1.1102171481077882e-11
 7690.479651163068 1.1104304236135323e-11
 7691.424418604929 1.1106368058281503e-11
  7692.36918604679 1.1107196288108122e-11
  7693.31395348865 1.1107099593144101e-11
 7694.258720930511 1.1108080274110681e-11
 7695.203488372372  1.110919641137591e-11
7696.1482558142325 1.1112954531801943e-11
 7697.093023256093  1.111517332228681e-11
 7698.037790697954 1.1117700196477467e-11
7698.9825581398145 1.1118009811679421e-11
 7699.927325581675 1.1118713962148164e-11
 7700.872093023536 1.1120745634351455e-11
7701.8168604653965 1.1123232273583515e-11
 7702.761627907257 1.1123805285689542e-11
 7703.706395349118 1.1125846414698372e-11
 7704.651162790979 1.1128234559843696e-11
 7705.595930232839 1.1132129651703468e-11
   7706.5406976747 1.1135144027504413e-11
 7707.485465116561  1.113267896781025e-11
 7708.430232558421 1.1134897182084943e-11
 7709.375000000282 1.1136618729834952e-11
 7710.319767442143 1.1134975959850608e-11
 7711.264534884003 1.1135514640936216e-11
 7712.209302325864 1.1135457318620502e-11
 7713.154069767725  1.113444144492986e-11
 7714.098837209585 1.1139975969653374e-11
 7715.043604651446 1.1141475166318214e-11
 7715.988372093307  1.114159664211192e-11
 7716.933139535167 1.1143990301982133e-11
 7717.877906977028 1.1145073153631686e-11
 7718.822674418889 1.1145869883030426e-11
 7719.767441860749  1.114522055960041e-11
  7720.71220930261 1.1144677750735018e-11
 7721.656976744471 1.1153212872795049e-11
 7722.601744186331 1.1155582106027291e-11
 7723.546511628192 1.1158020611196227e-11
 7724.491279070053  1.115962789558861e-11
 7725.436046511913  1.116038370292809e-11
 7726.380813953774 1.1165330232666428e-11
 7727.325581395635 1.1168465680639038e-11
7728.2703488374955 1.1167113207588088e-11
 7729.215116279356 1.1169434381011698e-11
 7730.159883721217 1.1171366447724944e-11
7731.1046511630775 1.1170558870358448e-11
 7732.049418604938 1.1174361178705422e-11
 7732.994186046799 1.1172738522212356e-11
7733.9389534886595 1.1175900919175292e-11
  7734.88372093052  1.117934672443902e-11
 7735.828488372381 1.1179889260639235e-11
 7736.773255814242 1.1180925766010425e-11
 7737.718023256102 1.1183251880523419e-11
 7738.662790697963 1.1183531290150741e-11
 7739.607558139824 1.1188712100442778e-11
 7740.552325581684 1.1189619474458426e-11
 7741.497093023545 1.1193379839790706e-11
 7742.441860465406 1.1197728889531159e-11
 7743.386627907266 1.1198866060126591e-11
 7744.331395349127 1.1204469948694771e-11
 7745.276162790988 1.1212870690028905e-11
 7746.220930232848 1.1213212970441159e-11
 7747.165697674709 1.1222321341249958e-11
  7748.11046511657 1.1225341635002363e-11
  7749.05523255843 1.1229732320347997e-11
 7750.000000000291 1.1234284358095824e-11
 7750.944767442152 1.1240403791046697e-11
 7751.889534884012 1.1243854104434115e-11
 7752.834302325873 1.1251046792507917e-11
 7753.779069767734 1.1252965016510603e-11
 7754.723837209594 1.1255369031934471e-11
 7755.668604651455  1.125621842545544e-11
 7756.613372093316 1.1259174185215387e-11
 7757.558139535176 1.1257753041923343e-11
 7758.502906977037 1.1257416052823773e-11
 7759.447674418898 1.1256095772842919e-11
7760.3924418607585 1.1258068706834824e-11
 7761.337209302619 1.1260561241835523e-11
  7762.28197674448 1.1263177036238457e-11
7763.2267441863405 1.1265618466997532e-11
 7764.171511628201  1.126833457432666e-11
 7765.116279070062 1.1269600886758513e-11
7766.0610465119225 1.1272744978449767e-11
 7767.005813953783 1.1277779269218877e-11
 7767.950581395644 1.1281804003098214e-11
 7768.895348837505 1.1286752653927719e-11
 7769.840116279365 1.1292891500789753e-11
 7770.784883721226 1.1297276826857773e-11
 7771.729651163087  1.130582931545439e-11
 7772.674418604947 1.1308960921338603e-11
 7773.619186046808 1.1315886708780083e-11
 7774.563953488669 1.1322347160058858e-11
 7775.508720930529 1.1321267021367772e-11
  7776.45348837239 1.1322818016487413e-11
 7777.398255814251 1.1325662914386805e-11
 7778.343023256111 1.1326130028515942e-11
 7779.287790697972 1.1330114168674689e-11
 7780.232558139833 1.1328128347465423e-11
 7781.177325581693 1.1327916867980905e-11
 7782.122093023554 1.1328947760703875e-11
 7783.066860465415 1.1326291843644172e-11
 7784.011627907275 1.1324251459270253e-11
 7784.956395349136 1.1327175139634213e-11
 7785.901162790997 1.1327129097338774e-11
 7786.845930232857 1.1333059496329544e-11
 7787.790697674718  1.133351161336833e-11
 7788.735465116579 1.1334952997248121e-11
7789.6802325584395  1.134350856211653e-11
   7790.6250000003 1.1348188422516426e-11
 7791.569767442161 1.1353039835433243e-11
7792.5145348840215 1.1359512711214579e-11
 7793.459302325882 1.1362123705654858e-11
 7794.404069767743 1.1370499407770351e-11
7795.3488372096035 1.1375069531488246e-11
 7796.293604651464 1.1381254130926872e-11
 7797.238372093325 1.1389039812472435e-11
 7798.183139535186 1.1396688636586343e-11
 7799.127906977046 1.1400447107980332e-11
 7800.072674418907 1.1406424145751109e-11
 7801.017441860768 1.1403124725213583e-11
 7801.962209302628 1.1407653926737502e-11
 7802.906976744489 1.1411439130294359e-11
  7803.85174418635 1.1409389858234112e-11
  7804.79651162821 1.1412098104442198e-11
 7805.741279070071 1.1411657376726872e-11
 7806.686046511932 1.1412303206703159e-11
 7807.630813953792 1.1412127119413072e-11
 7808.575581395653 1.1414958962989992e-11
 7809.520348837514 1.1416221282174063e-11
 7810.465116279374 1.1419128724542084e-11
 7811.409883721235 1.1421041459122651e-11
 7812.354651163096 1.1425228784662241e-11
 7813.299418604956 1.1427043359797512e-11
 7814.244186046817 1.1430730571345428e-11
 7815.188953488678 1.1439700340691264e-11
 7816.133720930538 1.1443380709600311e-11
 7817.078488372399 1.1447191693629752e-11
  7818.02325581426 1.1455315816004491e-11
  7818.96802325612 1.1460223969281223e-11
 7819.912790697981 1.1466004440045414e-11
 7820.857558139842 1.1472032451683476e-11
7821.8023255817025 1.1478937537804394e-11
 7822.747093023563 1.1482750248656146e-11
 7823.691860465424 1.1490100195637508e-11
7824.6366279072845 1.1495190421817299e-11
 7825.581395349145 1.1498075825759213e-11
 7826.526162791006  1.150076974767188e-11
7827.4709302328665 1.1503645946350072e-11
 7828.415697674727  1.150615295767812e-11
 7829.360465116588 1.1505929345548618e-11
 7830.305232558449 1.1506913308777746e-11
 7831.250000000309 1.1507827887989676e-11
  7832.19476744217 1.1507852824343504e-11
 7833.139534884031 1.1507608464931268e-11
 7834.084302325891  1.151230030656867e-11
 7835.029069767752 1.1517957136209498e-11
 7835.973837209613 1.1522619811520822e-11
 7836.918604651473 1.1528435566845665e-11
 7837.863372093334 1.1530819254459627e-11
 7838.808139535195 1.1532363309942252e-11
 7839.752906977055 1.1540759266426025e-11
 7840.697674418916 1.1545239627669579e-11
 7841.642441860777  1.155356056311326e-11
 7842.587209302637  1.156097142685539e-11
 7843.531976744498 1.1569406744676198e-11
 7844.476744186359 1.1577524139257621e-11
 7845.421511628219 1.1584707730156873e-11
  7846.36627907008 1.1588831250143777e-11
 7847.311046511941  1.159767889570694e-11
 7848.255813953801 1.1599175769187965e-11
 7849.200581395662  1.159951954032452e-11
 7850.145348837523  1.160069555190086e-11
 7851.090116279383 1.1600363614318038e-11
 7852.034883721244 1.1603832542159061e-11
 7852.979651163105 1.1608661150163168e-11
7853.9244186049655 1.1607965808608211e-11
 7854.869186046826  1.161150234956636e-11
 7855.813953488687 1.1609836095705478e-11
7856.7587209305475 1.1611522550662968e-11
 7857.703488372408  1.161530117765222e-11
 7858.648255814269 1.1617587280973751e-11
7859.5930232561295 1.1621286059182356e-11
  7860.53779069799 1.1627282659429282e-11
 7861.482558139851 1.1629968304131774e-11
 7862.427325581712 1.1636663128124201e-11
 7863.372093023572 1.1642994454963377e-11
 7864.316860465433 1.1648495912812153e-11
 7865.261627907294 1.1658206026923934e-11
 7866.206395349154 1.1663138851786465e-11
 7867.151162791015 1.1666974956802971e-11
 7868.095930232876 1.1673802895556197e-11
 7869.040697674736 1.1679917699015366e-11
 7869.985465116597  1.168751781659674e-11
 7870.930232558458 1.1690928084166855e-11
 7871.875000000318 1.1695402688337908e-11
 7872.819767442179 1.1699961485852576e-11
  7873.76453488404 1.1701116504560322e-11
   7874.7093023259 1.1705654421310634e-11
 7875.654069767761  1.171096168276184e-11
 7876.598837209622 1.1715372514072748e-11
 7877.543604651482  1.171727861199155e-11
 7878.488372093343  1.171687217917456e-11
 7879.433139535204 1.1719969556736554e-11
 7880.377906977064  1.172323104493664e-11
 7881.322674418925 1.1726417953730276e-11
 7882.267441860786 1.1729261502077095e-11
 7883.212209302646 1.1728688348923177e-11
 7884.156976744507 1.1733438916010792e-11
 7885.101744186368 1.1740536180923849e-11
7886.0465116282285 1.1744925238530463e-11
 7886.991279070089 1.1750463079593731e-11
  7887.93604651195 1.1757709316980778e-11
7888.8808139538105 1.1761398566375723e-11
 7889.825581395671 1.1764144381120247e-11
 7890.770348837532 1.1770176402316012e-11
7891.7151162793925 1.1774872841336044e-11
 7892.659883721253  1.178248882563288e-11
 7893.604651163114 1.1783881620113924e-11
 7894.549418604975 1.1787475361854511e-11
 7895.494186046835 1.1790995435679256e-11
 7896.438953488696 1.1794388123059723e-11
 7897.383720930557  1.179951705741159e-11
 7898.328488372417 1.1800527143717558e-11
 7899.273255814278  1.179918471341687e-11
 7900.218023256139 1.1798706516952511e-11
 7901.162790697999 1.1799881502806543e-11
  7902.10755813986 1.1802696357511585e-11
 7903.052325581721  1.180562978853402e-11
 7903.997093023581 1.1808859476927744e-11
 7904.941860465442 1.1809437482463072e-11
 7905.886627907303 1.1813185808752957e-11
 7906.831395349163  1.181861081666759e-11
 7907.776162791024 1.1824661545524963e-11
 7908.720930232885 1.1828004419991855e-11
 7909.665697674745 1.1834399077345517e-11
 7910.610465116606 1.1841434499755171e-11
 7911.555232558467 1.1846104349237362e-11
 7912.500000000327 1.1852123042821949e-11
 7913.444767442188  1.185657444103426e-11
 7914.389534884049 1.1863714860826659e-11
 7915.334302325909 1.1870469476082003e-11
  7916.27906976777 1.1876310567948441e-11
 7917.223837209631  1.188194256091681e-11
7918.1686046514915 1.1886496792199539e-11
 7919.113372093352 1.1891376144053723e-11
 7920.058139535213 1.1896787658935466e-11
7921.0029069770735  1.190108529300626e-11
 7921.947674418934 1.1903800830928439e-11
 7922.892441860795 1.1909393533215507e-11
7923.8372093026555 1.1912103762590208e-11
 7924.781976744516 1.1915613085099081e-11
 7925.726744186377  1.192074237331098e-11
 7926.671511628238 1.1924843539680098e-11
 7927.616279070098 1.1934737698502478e-11
 7928.561046511959 1.1939222792898575e-11
  7929.50581395382 1.1941860188704342e-11
  7930.45058139568 1.1944043451983446e-11
 7931.395348837541 1.1944675871763541e-11
 7932.340116279402 1.1947679250780633e-11
 7933.284883721262 1.1952511646811707e-11
 7934.229651163123 1.1956713427341602e-11
 7935.174418604984 1.1960887687531644e-11
 7936.119186046844  1.196503442738183e-11
 7937.063953488705 1.1969153646892162e-11
 7938.008720930566  1.197324534606264e-11
 7938.953488372426 1.1976565800469275e-11
 7939.898255814287 1.1983077794977475e-11
 7940.843023256148 1.1986746489154318e-11
 7941.787790698008 1.1989904165114863e-11
 7942.732558139869  1.199302622326224e-11
  7943.67732558173 1.1996253573166724e-11
  7944.62209302359 1.2000263769774487e-11
 7945.566860465451 1.2005511924388701e-11
 7946.511627907312 1.2009689177307053e-11
 7947.456395349172 1.2013688744288441e-11
 7948.401162791033  1.201749453137439e-11
 7949.345930232894 1.2019575039490623e-11
7950.2906976747545 1.2023141971423662e-11
 7951.235465116615 1.2026777537937762e-11
 7952.180232558476 1.2030481739032924e-11
7953.1250000003365 1.2035810315098582e-11
 7954.069767442197   1.20368091812542e-11
 7955.014534884058 1.2038650724724481e-11
7955.9593023259185 1.2043302238429975e-11
 7956.904069767779 1.2047744150686644e-11
  7957.84883720964 1.2051989445193646e-11
 7958.793604651501 1.2055415179330753e-11
 7959.738372093361 1.2062376399567947e-11
 7960.683139535222 1.2067734676297593e-11
 7961.627906977083 1.2071916321453914e-11
 7962.572674418943   1.20777416045685e-11
 7963.517441860804 1.2084131159115154e-11
 7964.462209302665  1.209212076632913e-11
 7965.406976744525 1.2096352931550952e-11
 7966.351744186386 1.2103094541047615e-11
 7967.296511628247 1.2107960955168079e-11
 7968.241279070107 1.2113733482098492e-11
 7969.186046511968 1.2121122694086093e-11
 7970.130813953829 1.2123956631145742e-11
 7971.075581395689 1.2128836717069329e-11
  7972.02034883755  1.213580422570665e-11
 7972.965116279411 1.2143449950740649e-11
 7973.909883721271 1.2147676871028718e-11
 7974.854651163132 1.2152891389523331e-11
 7975.799418604993  1.215402582582234e-11
 7976.744186046853 1.2157053430723025e-11
 7977.688953488714  1.216255337522012e-11
 7978.633720930575 1.2164832981799393e-11
7979.5784883724355 1.2171136870436491e-11
 7980.523255814296 1.2175198154864422e-11
 7981.468023256157 1.2175291563744077e-11
7982.4127906980175  1.218224485518688e-11
 7983.357558139878 1.2185910211317724e-11
 7984.302325581739 1.2193343182000562e-11
7985.2470930235995 1.2202050471259492e-11
  7986.19186046546 1.2208211423770452e-11
 7987.136627907321 1.2218369543424979e-11
 7988.081395349182 1.2228427747078857e-11
 7989.026162791042 1.2237482759762958e-11
 7989.970930232903 1.2252770147106103e-11
 7990.915697674764 1.2262783697835714e-11
 7991.860465116624 1.2272007450858281e-11
 7992.805232558485 1.2282182482437408e-11
 7993.750000000346  1.229258414721458e-11
 7994.694767442206 1.2302856986960818e-11
 7995.639534884067 1.2315326671387929e-11
 7996.584302325928 1.2320657690434445e-11
 7997.529069767788 1.2330318796861626e-11
 7998.473837209649 1.2332115801926278e-11
  7999.41860465151 1.2336923292083911e-11
  8000.36337209337 1.2343389111658645e-11
 8001.308139535231 1.2345950365268478e-11
 8002.252906977092   1.23490199077284e-11
 8003.197674418952 1.2351421068910282e-11
 8004.142441860813 1.2348657529673995e-11
 8005.087209302674 1.2352017244985624e-11
 8006.031976744534 1.2355959000343635e-11
 8006.976744186395 1.2359463439524105e-11
 8007.921511628256 1.2362264321949864e-11
 8008.866279070116 1.2365205936244473e-11
 8009.811046511977 1.2370240007660279e-11
 8010.755813953838 1.2376768987970309e-11
8011.7005813956985 1.2384242530027288e-11
 8012.645348837559 1.2396316390390475e-11
  8013.59011627942   1.24032993098824e-11
8014.5348837212805 1.2409007578601561e-11
 8015.479651163141 1.2415253749539549e-11
 8016.424418605002 1.2421401200876556e-11
8017.3691860468625 1.2429339943064987e-11
 8018.313953488723 1.2439602016260299e-11
 8019.258720930584 1.2446309481564186e-11
 8020.203488372445 1.2451948114016104e-11
 8021.148255814305 1.2458311312371049e-11
 8022.093023256166 1.2463856178010544e-11
 8023.037790698027 1.2468922814155124e-11
 8023.982558139887 1.2473973504797322e-11
 8024.927325581748 1.2477766960233672e-11
 8025.872093023609 1.2477838924955443e-11
 8026.816860465469 1.2481262606309783e-11
  8027.76162790733 1.2485232174926263e-11
 8028.706395349191 1.2487924744617354e-11
 8029.651162791051  1.249387734772947e-11
 8030.595930232912 1.2495835473620552e-11
 8031.540697674773  1.250179902137247e-11
 8032.485465116633 1.2507264900387229e-11
 8033.430232558494 1.2511473531302236e-11
 8034.375000000355 1.2515652146149973e-11
 8035.319767442215 1.2518730819628227e-11
 8036.264534884076 1.2522774000210717e-11
 8037.209302325937 1.2526952754282344e-11
 8038.154069767797  1.253087724926415e-11
 8039.098837209658 1.2535788774859613e-11
 8040.043604651519  1.254244112920091e-11
 8040.988372093379 1.2545243987260867e-11
  8041.93313953524  1.255023589315067e-11
 8042.877906977101 1.2558549872250521e-11
8043.8226744189615 1.2560484895916568e-11
 8044.767441860822 1.2568820318150555e-11
 8045.712209302683 1.2567296208213032e-11
8046.6569767445435 1.2569725299477583e-11
 8047.601744186404 1.2571004224364215e-11
 8048.546511628265 1.2573899445827081e-11
8049.4912790701255 1.2576975256648995e-11
 8050.436046511986  1.257924864067618e-11
 8051.380813953847 1.2582446564835777e-11
 8052.325581395708 1.2586353078928639e-11
 8053.270348837568 1.2588815297512462e-11
 8054.215116279429 1.2593837303903406e-11
  8055.15988372129  1.259914557583482e-11
  8056.10465116315 1.2603977269870525e-11
 8057.049418605011 1.2607020139094767e-11
 8057.994186046872 1.2613438179804999e-11
 8058.938953488732 1.2617706548641517e-11
 8059.883720930593 1.2629272969816346e-11
 8060.828488372454 1.2638875718566075e-11
 8061.773255814314 1.2648415596115942e-11
 8062.718023256175 1.2656432083877951e-11
 8063.662790698036 1.2664360889069291e-11
 8064.607558139896  1.267100129051301e-11
 8065.552325581757 1.2677639145362007e-11
 8066.497093023618 1.2685826719244855e-11
 8067.441860465478 1.2692282506939239e-11
 8068.386627907339 1.2697978780861416e-11
   8069.3313953492  1.270390852609532e-11
  8070.27616279106   1.27064689527245e-11
 8071.220930232921 1.2713666588134844e-11
 8072.165697674782 1.2721625362946883e-11
 8073.110465116642 1.2727857235644101e-11
 8074.055232558503  1.273368838466239e-11
 8075.000000000364 1.2738452107609597e-11
8075.9447674422245 1.2746110550203074e-11
 8076.889534884085 1.2754130536044172e-11
 8077.834302325946 1.2763994198957399e-11
8078.7790697678065 1.2774694228423411e-11
 8079.723837209667 1.2784699934186671e-11
 8080.668604651528 1.2792675000817755e-11
8081.6133720933885 1.2804053818981276e-11
 8082.558139535249 1.2813860032944828e-11
  8083.50290697711 1.2823374179891118e-11
 8084.447674418971 1.2836199049736602e-11
 8085.392441860831 1.2843912273046857e-11
 8086.337209302692 1.2854023516162992e-11
 8087.281976744553 1.2862344399439205e-11
 8088.226744186413 1.2868244176288893e-11
 8089.171511628274 1.2877717823184314e-11
 8090.116279070135  1.288238425091828e-11
 8091.061046511995 1.2889777822464071e-11
 8092.005813953856 1.2895201556292055e-11
 8092.950581395717 1.2902294127308869e-11
 8093.895348837577  1.290934273886149e-11
 8094.840116279438 1.2916347390949921e-11
 8095.784883721299 1.2923744364920755e-11
 8096.729651163159 1.2932527722239544e-11
  8097.67441860502 1.2939228930654782e-11
 8098.619186046881 1.2945832011360784e-11
 8099.563953488741 1.2952752806406078e-11
 8100.508720930602 1.2956357718829029e-11
 8101.453488372463 1.2963323169791951e-11
 8102.398255814323 1.2971766034891132e-11
 8103.343023256184 1.2976310122034283e-11
 8104.287790698045  1.298735515996824e-11
 8105.232558139905 1.2991608608586177e-11
 8106.177325581766 1.2997748236789539e-11
 8107.122093023627 1.3003568732968277e-11
8108.0668604654875 1.3009300759950903e-11
 8109.011627907348 1.3017557883458581e-11
 8109.956395349209 1.3019057610701678e-11
8110.9011627910695 1.3022322042911416e-11
  8111.84593023293 1.3028883610913966e-11
 8112.790697674791  1.303164963997707e-11
8113.7354651166515 1.3038837240078024e-11
 8114.680232558512    1.3043362803782e-11
 8115.625000000373 1.3050134755338948e-11
 8116.569767442234 1.3057151919884207e-11
 8117.514534884094 1.3064414297417767e-11
 8118.459302325955  1.306990324839998e-11
 8119.404069767816 1.3079376949964396e-11
 8120.348837209676 1.3089459661092444e-11
 8121.293604651537 1.3097662782714512e-11
 8122.238372093398 1.3106073495008363e-11
 8123.183139535258 1.3112078232252825e-11
 8124.127906977119  1.312264890142681e-11
  8125.07267441898 1.3131828512676417e-11
  8126.01744186084 1.3139678862962855e-11
 8126.962209302701 1.3151308605824068e-11
 8127.906976744562 1.3158500631282758e-11
 8128.851744186422 1.3168338546773754e-11
 8129.796511628283   1.31759139280471e-11
 8130.741279070144 1.3183227949967469e-11
 8131.686046512004 1.3189529548198863e-11
 8132.630813953865 1.3192868514874866e-11
 8133.575581395726 1.3199340257244326e-11
 8134.520348837586 1.3203413760960104e-11
 8135.465116279447 1.3209335309645294e-11
 8136.409883721308 1.3215017723122136e-11
8137.3546511631685 1.3220461001390646e-11
 8138.299418605029 1.3227539448914945e-11
  8139.24418604689 1.3232693892852155e-11
8140.1889534887505 1.3237798637666409e-11
 8141.133720930611 1.3242853683357705e-11
 8142.078488372472 1.3247859029926047e-11
8143.0232558143325 1.3252814677371433e-11
 8143.968023256193 1.3257720625693859e-11
 8144.912790698054 1.3262576874893334e-11
8145.8575581399145  1.326108371357481e-11
 8146.802325581775 1.3269280046300534e-11
 8147.747093023636 1.3274019690090629e-11
 8148.691860465497 1.3278746479114473e-11
 8149.636627907357 1.3283460413372081e-11
 8150.581395349218 1.3288161492863443e-11
 8151.526162791079 1.3292849717588563e-11
 8152.470930232939  1.329752508754744e-11
   8153.4156976748 1.3302187602740076e-11
 8154.360465116661 1.3306837263166468e-11
 8155.305232558521 1.3311474068826618e-11
 8156.250000000382 1.3316098019720522e-11
 8157.194767442243 1.3320709115848187e-11
 8158.139534884103 1.3325307357209607e-11
 8159.084302325964 1.3329892743804786e-11
 8160.029069767825 1.3341516051364761e-11
 8160.973837209685 1.3346088583193701e-11
 8161.918604651546  1.334806679692411e-11
 8162.863372093407  1.335260604595725e-11
 8163.808139535267  1.335711201219459e-11
 8164.752906977128 1.3361584695636133e-11
 8165.697674418989 1.3366024096281878e-11
 8166.642441860849 1.3370430214131826e-11
  8167.58720930271 1.3371605842365082e-11
 8168.531976744571 1.3372964067342486e-11
8169.4767441864315 1.3371884267931865e-11
 8170.421511628292 1.3377021637785255e-11
 8171.366279070153 1.3382453013769269e-11
8172.3110465120135 1.3388178395883908e-11
 8173.255813953874 1.3394197784129175e-11
 8174.200581395735 1.3400511178505068e-11
8175.1453488375955 1.3407118579011587e-11
 8176.090116279456 1.3416614303747255e-11
 8177.034883721317 1.3423842999310825e-11
 8177.979651163178 1.3431398983800815e-11
 8178.924418605038 1.3439282257217233e-11
 8179.869186046899 1.3438718289171633e-11
  8180.81395348876 1.3447262193624252e-11
  8181.75872093062  1.345933664700754e-11
 8182.703488372481 1.3471528562960658e-11
 8183.648255814342  1.348645856261578e-11
 8184.593023256202 1.3495471452320875e-11
 8185.537790698063 1.3504490395209325e-11
 8186.482558139924 1.3513515391281123e-11
 8187.427325581784 1.3522546440536277e-11
 8188.372093023645 1.3531583542974783e-11
 8189.316860465506 1.3540626698596642e-11
 8190.261627907366 1.3541689589395472e-11
 8191.206395349227 1.3550747837983772e-11
 8192.151162791088 1.3559815126355161e-11
 8193.095930232948 1.3568891454509636e-11
 8194.040697674809 1.3586751352835642e-11
  8194.98546511667 1.3595839707372941e-11
  8195.93023255853 1.3604931048509975e-11
 8196.875000000391 1.3614025376246745e-11
 8197.819767442252 1.3621978347221497e-11
 8198.764534884112 1.3631082284821184e-11
 8199.709302325973 1.3640192845684057e-11
 8200.654069767834 1.3649310029810113e-11
 8201.598837209694 1.3657639692183504e-11
 8202.543604651555 1.3666746778405008e-11
 8203.488372093416 1.3675837143458783e-11
 8204.433139535276 1.3692897105351211e-11
 8205.377906977137 1.3701951041469786e-11
 8206.322674418998 1.3710985269820893e-11
 8207.267441860859 1.3719999790404536e-11
  8208.21220930272  1.372899460322071e-11
  8209.15697674458 1.3737969708269415e-11
  8210.10174418644 1.3746925105550656e-11
 8211.046511628301 1.3755860795064428e-11
 8211.991279070162 1.3765921120172488e-11
 8212.936046512023 1.3774813757487876e-11
 8213.880813953883 1.3783683050372352e-11
 8214.825581395744 1.3792528998825912e-11
 8215.770348837605 1.3802145747864402e-11
 8216.715116279465 1.3810968351887048e-11
 8217.659883721326 1.3819790955909691e-11
 8218.604651163187 1.3819501429369473e-11
 8219.549418605047 1.3821712076241376e-11
 8220.494186046908 1.3812911773081578e-11
 8221.438953488769 1.3824003933891898e-11
  8222.38372093063 1.3836243315786788e-11
  8223.32848837249  1.384962991876623e-11
  8224.27325581435 1.3864163742830229e-11
 8225.218023256211  1.387984478797879e-11
 8226.162790698072  1.389667305421191e-11
 8227.107558139933 1.3914648541529593e-11
 8228.052325581793 1.3933771249931833e-11
 8228.997093023654 1.3954041179418632e-11
 8229.941860465515  1.397545832998999e-11
 8230.886627907375 1.3998022701645911e-11
 8231.831395349236 1.4020383023650572e-11
 8232.776162791097 1.4055941527774892e-11
 8233.720930232957 1.4082713787452868e-11
 8234.665697674818 1.4121081787011102e-11
 8235.610465116679 1.4146407235145432e-11
  8236.55523255854 1.4169300756346136e-11
   8237.5000000004 1.4200257283862682e-11
  8238.44476744226 1.4232638168920582e-11
 8239.389534884122 1.4266443411519837e-11
 8240.334302325982 1.4301673011660442e-11
 8241.279069767843  1.433775041458131e-11
 8242.223837209704 1.4376969260908685e-11
 8243.168604651564 1.4418150881795213e-11
 8244.113372093425  1.445978283442479e-11
 8245.058139535286 1.4503255103749687e-11
 8246.002906977146 1.4550532074012473e-11
 8246.947674419007   1.45999447308797e-11
 8247.892441860868 1.4659854577721394e-11
 8248.837209302728 1.4723390753654765e-11
 8249.781976744589  1.477001449079995e-11
  8250.72674418645  1.483733506000355e-11
  8251.67151162831  1.490058388283388e-11
 8252.616279070171  1.496639960806544e-11
 8253.561046512032  1.503478223569823e-11
 8254.505813953892 1.5105731765732242e-11
 8255.450581395753  1.517982475292858e-11
 8256.395348837614 1.5254767556660988e-11
 8257.340116279474 1.5331738845776824e-11
 8258.284883721335 1.5412251063092192e-11
 8259.229651163196 1.5494914223654825e-11
 8260.174418605056 1.5579115213957958e-11
 8261.119186046917 1.5663326086446915e-11
 8262.063953488778  1.574591337709748e-11
 8263.008720930638 1.5830722530359702e-11
   8263.9534883725 1.5927081475650474e-11
  8264.89825581436 1.6008893651658973e-11
  8265.84302325622 1.6081702460986574e-11
 8266.787790698081 1.6173972920473958e-11
 8267.732558139942  1.626507284945537e-11
 8268.677325581803 1.6356433108716398e-11
 8269.622093023663  1.644889437547051e-11
 8270.566860465524 1.6542456649717695e-11
 8271.511627907385  1.663711993145796e-11
 8272.456395349245 1.6732884220691307e-11
 8273.401162791106 1.6829749517417728e-11
 8274.345930232967 1.6927715821637232e-11
 8275.290697674827 1.7025689994029887e-11
 8276.235465116688 1.7127316117840924e-11
 8277.180232558549 1.7228748748620283e-11
  8278.12500000041 1.7334933602133268e-11
  8279.06976744227 1.7442492587239412e-11
  8280.01453488413  1.755259505330099e-11
 8280.959302325991 1.7639395390737897e-11
 8281.904069767852 1.7742345631781085e-11
 8282.848837209713 1.7846988351849072e-11
 8283.793604651573  1.795248287372839e-11
 8284.738372093434 1.8058829197419044e-11
 8285.683139535295 1.8166027322921037e-11
 8286.627906977155 1.8268240156116043e-11
 8287.572674419016   1.83782534530402e-11
 8288.517441860877 1.8490230119575196e-11
 8289.462209302737 1.8604170155721027e-11
 8290.406976744598 1.8720073561477693e-11
 8291.351744186459 1.8837940336845196e-11
  8292.29651162832 1.8957770481823534e-11
  8293.24127907018  1.907956399641271e-11
  8294.18604651204 1.9210881773831252e-11
 8295.130813953901 1.9349104406818605e-11
 8296.075581395762 1.9475412043809558e-11
 8297.020348837623  1.960283124860001e-11
 8297.965116279483 1.9712029316388972e-11
 8298.909883721344  1.984350809000606e-11
 8299.854651163205 1.9977934864650293e-11
 8300.799418605066 2.0121146734439985e-11
 8301.744186046926 2.0260357943338994e-11
 8302.688953488787 2.0392531849790303e-11
 8303.633720930648 2.0526226339639107e-11
 8304.578488372508  2.066374388921045e-11
 8305.523255814369  2.081480075879381e-11
  8306.46802325623  2.097054012153141e-11
  8307.41279069809 2.1130961977423257e-11
 8308.357558139951  2.129606632646934e-11
 8309.302325581812 2.1451542513386842e-11
 8310.247093023672 2.1613186583458043e-11
 8311.191860465533 2.1795855526791808e-11
 8312.136627907394 2.1990844818660583e-11
 8313.081395349254 2.2180932541171642e-11
 8314.026162791115 2.2373122951534896e-11
 8314.970930232976 2.2586026997244604e-11
 8315.915697674836 2.2807536753361256e-11
 8316.860465116697 2.3046525955560198e-11
 8317.805232558558 2.3294436717996238e-11
 8318.750000000418 2.3548966564344325e-11
 8319.694767442279 2.3787711999951355e-11
  8320.63953488414 2.4037088616854743e-11
    8321.584302326 2.4287293579601926e-11
 8322.529069767861 2.4560640323966523e-11
 8323.473837209722 2.4848370078442106e-11
 8324.418604651582 2.5157501671267496e-11
 8325.363372093443 2.5461646525754897e-11
 8326.308139535304  2.578884187143287e-11
 8327.252906977164 2.6103673134860922e-11
 8328.197674419025 2.6433449529642447e-11
 8329.142441860886 2.6764616826329982e-11
 8330.087209302746 2.7100574831767433e-11
 8331.031976744607 2.7437610923308594e-11
 8331.976744186468 2.7778222790144956e-11
 8332.921511628329  2.816985752542184e-11
  8333.86627907019 2.8590948216255365e-11
  8334.81104651205  2.902393609746592e-11
  8335.75581395391 2.9478624004506046e-11
 8336.700581395771 2.9932698501602123e-11
 8337.645348837632  3.040922901554341e-11
 8338.590116279493  3.088540067280883e-11
 8339.534883721353  3.135248541547016e-11
 8340.479651163214  3.183522680705317e-11
 8341.424418605075 3.2342191540969845e-11
 8342.369186046935  3.286750065000625e-11
 8343.313953488796 3.3412319071987246e-11
 8344.258720930657 3.3979921098527416e-11
 8345.203488372517   3.45712381634924e-11
 8346.148255814378  3.518882909099647e-11
 8347.093023256239 3.5769615448717804e-11
   8348.0377906981 3.6384545778653915e-11
  8348.98255813996  3.702552016471217e-11
  8349.92732558182  3.767441606558398e-11
 8350.872093023681  3.834521104729072e-11
 8351.816860465542  3.906200826586231e-11
 8352.761627907403  3.980409940382065e-11
 8353.706395349263  4.059174410567284e-11
 8354.651162791124  4.136039873255097e-11
 8355.595930232985 4.2164748173340364e-11
 8356.540697674845 4.3005319590517694e-11
 8357.485465116706 4.3885644301663046e-11
 8358.430232558567  4.475698703323713e-11
 8359.375000000427  4.565216038027681e-11
 8360.319767442288  4.658455096298687e-11
 8361.264534884149 4.7563393258477885e-11
  8362.20930232601 4.8589642275821085e-11
  8363.15406976787   4.96479742589846e-11
  8364.09883720973 5.0739250631521434e-11
 8365.043604651592  5.189211475008382e-11
 8365.988372093452  5.304328556333128e-11
 8366.933139535313  5.425204875331002e-11
 8367.877906977174  5.551023754301869e-11
 8368.822674419034  5.687458734336814e-11
 8369.767441860895  5.827579152724103e-11
 8370.712209302756  5.974912768797607e-11
 8371.656976744616  6.131340950232779e-11
 8372.601744186477   6.29637477278672e-11
 8373.546511628338  6.468171947322021e-11
 8374.491279070198  6.645426545087699e-11
 8375.436046512059  6.835668980112041e-11
  8376.38081395392  7.034082902573297e-11
  8377.32558139578  7.245052206541955e-11
 8378.270348837641  7.478480118129992e-11
 8379.215116279502  7.720654608736565e-11
 8380.159883721362  7.976744354133358e-11
 8381.104651163223  8.240824261193625e-11
 8382.049418605084  8.516035404748251e-11
 8382.994186046944  8.800155373229408e-11
 8383.938953488805  9.098976948616725e-11
 8384.883720930666  9.411837246234227e-11
 8385.828488372526  9.719840479249972e-11
 8386.773255814387 1.0049035543268406e-10
 8387.718023256248 1.0347220257237809e-10
 8388.662790698108 1.0680270928168492e-10
  8389.60755813997 1.1005388428934769e-10
  8390.55232558183 1.1390113119410076e-10
  8391.49709302369  1.164672553346632e-10
 8392.441860465551 1.1963968835385917e-10
 8393.386627907412 1.2281212137305183e-10
 8394.331395349272  1.259845543922445e-10
 8395.276162791133 1.2915698741143715e-10
 8396.220930232994  1.323294204306298e-10
 8397.165697674855 1.3550185344982247e-10
 8398.110465116715 1.3867428646901513e-10
 8399.055232558576  1.418467194882111e-10
 8400.000000000437 1.4501915250740376e-10
