# 0.470
13.186 0
19.764 0
26.520 0
33.212 0
39.896 0
46.508 0
53.218 0
59.932 0
66.612 0
73.367 0
79.923 0
93.346 0
100.070 0
106.746 0
113.437 0
120.111 0
126.791 0
133.487 0
140.130 0
146.810 0
153.511 0
160.269 0
166.895 0
173.610 0
180.323 0
187.051 0
193.709 0
200.371 0
207.068 0
213.757 0
220.502 0
227.121 0
240.562 0
247.272 0
253.904 0
260.636 0
267.341 0
274.035 0
280.712 0
287.454 0
294.152 0
300.860 0
307.498 0
314.253 0
320.898 0
327.656 0
334.263 0
341.022 0
347.751 0
354.414 0
361.128 0
367.808 0
374.530 0
381.260 0
394.659 0
401.357 0
408.050 0
414.769 0
421.471 0
428.206 0
434.909 0
441.681 0
448.333 0
455.051 0
461.833 0
468.499 0
475.192 0
482.043 0
488.667 0
495.427 0
502.139 0
508.870 0
515.614 0
522.378 0
529.121 0
542.519 0
549.269 0
556.048 0
562.734 0
569.493 0
576.277 0
582.960 0
589.736 0
596.441 0
603.178 0
609.949 0
616.623 0
623.436 0
630.185 0
636.935 0
643.689 0
650.434 0
657.225 0
663.918 0
670.686 0
677.425 0
684.274 0
697.712 0
704.567 0
711.327 0
718.117 0
724.794 0
731.605 0
738.383 0
745.210 0
751.913 0
758.703 0
765.503 0
772.334 0
779.064 0
785.892 0
792.629 0
799.480 0
806.248 0
813.069 0
819.790 0
826.637 0
833.426 0
846.992 0
853.765 0
860.631 0
867.413 0
874.270 0
880.951 0
887.766 0
894.674 0
901.491 0
908.232 0
915.084 0
921.872 0
928.726 0
935.499 0
942.316 0
949.202 0
956.016 0
962.791 0
969.715 0
976.511 0
983.311 0
990.296 0
