# 0.470
18.671 0
25.291 0
32.049 0
38.768 0
45.521 0
52.076 0
58.830 0
65.418 0
72.210 0
78.898 0
85.303 0
98.922 0
105.708 0
112.255 0
118.873 0
125.680 0
132.172 0
139.118 0
145.686 0
152.457 0
158.735 0
165.442 0
172.521 0
179.178 0
185.931 0
192.639 0
199.393 0
205.977 0
212.719 0
219.343 0
226.043 0
232.783 0
246.151 0
252.926 0
259.552 0
266.206 0
273.002 0
279.604 0
286.215 0
293.065 0
299.786 0
306.500 0
313.044 0
319.833 0
326.483 0
333.154 0
339.742 0
346.678 0
353.382 0
360.059 0
366.662 0
373.298 0
380.352 0
386.747 0
400.367 0
407.023 0
413.675 0
420.273 0
427.007 0
433.606 0
440.540 0
447.154 0
453.874 0
460.668 0
467.412 0
474.036 0
480.825 0
487.588 0
494.283 0
501.045 0
507.821 0
514.504 0
521.267 0
528.033 0
534.735 0
548.204 0
554.973 0
561.746 0
568.489 0
575.224 0
582.041 0
588.704 0
595.572 0
602.252 0
609.023 0
615.787 0
622.550 0
629.336 0
636.016 0
642.835 0
649.594 0
656.341 0
663.157 0
669.831 0
676.674 0
683.396 0
690.341 0
703.757 0
710.589 0
717.259 0
724.153 0
730.899 0
737.705 0
744.492 0
751.293 0
758.137 0
764.917 0
771.602 0
778.525 0
785.262 0
792.105 0
798.854 0
805.667 0
812.470 0
819.335 0
826.089 0
832.971 0
839.657 0
853.387 0
860.181 0
867.014 0
873.803 0
880.687 0
887.502 0
894.257 0
901.164 0
907.953 0
914.708 0
921.593 0
928.412 0
935.460 0
942.100 0
948.868 0
955.941 0
962.596 0
969.434 0
976.344 0
983.193 0
990.016 0
996.892 0
