# 0.470
39.706 0
46.825 0
53.355 0
60.441 0
66.978 0
74.134 0
81.000 1
87.849 0
94.296 0
101.418 0
107.986 0
115.096 0
121.589 0
128.708 0
135.263 0
142.442 0
148.852 0
155.500 1
162.574 0
169.638 0
176.102 0
183.282 0
196.945 0
203.306 0
210.537 0
216.889 0
224.120 0
230.589 0
237.731 0
244.140 0
251.326 0
257.748 0
264.954 0
271.351 0
278.543 0
284.854 0
292.149 0
298.529 0
305.673 0
312.110 0
319.314 0
325.639 0
332.780 0
346.430 0
352.835 0
359.909 0
366.306 0
373.464 0
379.848 0
386.989 0
393.384 0
400.569 0
406.821 0
414.049 0
420.425 0
427.572 0
433.937 0
441.045 0
447.420 0
454.571 0
460.978 0
468.138 0
474.408 0
481.579 0
487.929 0
501.529 0
508.495 0
514.954 0
522.109 0
528.340 0
535.503 0
541.853 0
548.935 0
555.353 0
562.488 0
568.780 0
575.898 0
582.276 0
589.359 0
595.713 0
602.781 0
609.201 0
616.197 0
622.643 0
629.767 0
636.052 0
649.585 0
656.514 0
662.953 0
669.940 0
676.494 0
683.371 0
689.741 0
696.664 0
703.065 0
710.184 0
716.569 0
723.734 0
729.919 0
736.940 0
743.549 0
750.467 0
756.840 0
763.868 0
770.278 0
777.309 0
783.678 0
790.674 0
804.132 0
810.492 0
817.535 0
823.932 0
830.921 0
837.285 0
844.307 0
850.710 0
857.699 0
864.106 0
871.076 0
877.501 0
884.483 0
890.883 0
897.843 0
904.231 0
911.265 0
917.634 0
924.615 0
930.986 0
937.984 0
951.413 0
957.760 0
964.745 0
971.188 0
978.217 0
984.590 0
991.563 0
997.958 0
1004.913 0
1011.425 0
1018.267 0
