# 0.470
45.596 0
52.474 0
59.406 0
66.040 0
72.912 0
79.708 0
86.540 0
93.387 0
100.198 0
106.953 0
113.887 0
120.792 0
127.615 0
134.348 0
141.168 0
148.053 0
154.881 0
161.590 0
168.501 0
175.286 0
182.181 0
188.885 0
202.516 0
209.258 0
216.051 0
222.949 0
229.755 0
236.541 0
243.390 0
250.166 0
256.967 0
263.713 0
270.548 0
277.328 0
284.205 0
290.943 0
297.672 0
304.488 0
311.292 0
318.021 0
324.777 0
331.595 0
338.394 0
351.867 0
358.716 0
365.418 0
372.218 0
378.985 0
385.780 0
392.504 0
399.276 0
406.058 0
412.745 0
419.528 0
426.271 0
433.033 0
439.761 0
446.575 0
453.264 0
460.044 0
466.772 0
473.575 0
480.209 0
486.996 0
493.823 0
507.250 0
513.979 0
520.667 0
527.456 0
534.132 0
540.855 0
547.750 0
554.371 0
561.194 0
567.857 0
574.574 0
581.332 0
588.112 0
594.768 0
601.526 0
608.253 0
614.971 0
621.605 0
628.299 0
635.137 0
641.805 0
655.150 0
661.842 0
668.577 0
675.268 0
681.944 0
688.791 0
695.402 0
702.153 0
708.867 0
715.489 0
722.233 0
729.078 0
735.723 0
742.409 0
749.238 0
755.950 0
762.477 0
769.092 0
775.929 0
782.719 0
789.439 0
796.067 0
809.371 0
816.266 0
823.036 0
829.646 0
836.125 0
842.965 0
849.652 0
856.357 0
863.075 0
869.759 0
876.302 0
883.027 0
889.918 0
896.333 0
903.020 0
909.760 0
916.378 0
923.115 0
929.829 0
936.510 0
943.132 0
956.625 0
963.178 0
969.869 0
976.570 0
983.252 0
989.973 0
996.685 0
1003.217 0
1010.381 0
1017.164 0
1023.872 0
