# 0.470
40.910 0
47.769 0
54.641 0
61.412 0
68.310 0
75.181 0
82.009 0
88.878 0
95.649 0
102.515 0
109.373 0
116.064 0
123.090 0
129.847 0
136.613 0
143.522 0
150.248 0
157.017 0
163.846 0
170.711 0
177.432 0
184.323 0
197.818 0
204.635 0
211.460 0
218.187 0
224.978 0
231.849 0
238.670 0
245.390 0
252.219 0
259.024 0
265.776 0
272.540 0
279.372 0
286.132 0
292.931 0
299.687 0
306.496 0
313.235 0
320.036 0
326.781 0
333.585 0
347.109 0
353.878 0
360.600 0
367.377 0
374.124 0
380.908 0
387.636 0
394.394 0
401.209 0
407.893 0
414.658 0
421.378 0
428.135 0
434.889 0
441.615 0
448.374 0
455.110 0
461.859 0
468.634 0
475.337 0
482.141 0
488.764 0
502.284 0
508.964 0
515.736 0
522.482 0
529.163 0
535.924 0
542.608 0
549.369 0
556.087 0
562.802 0
569.532 0
576.344 0
583.044 0
589.681 0
596.455 0
603.179 0
609.900 0
616.584 0
623.312 0
630.020 0
636.713 0
650.095 0
656.798 0
663.568 0
670.208 0
677.021 0
683.644 0
690.382 0
697.170 0
703.775 0
710.482 0
717.189 0
723.987 0
730.612 0
737.309 0
744.071 0
750.764 0
757.293 0
764.196 0
770.828 0
777.562 0
784.205 0
790.817 0
804.386 0
810.864 0
817.723 0
824.460 0
831.164 0
837.842 0
844.494 0
851.089 0
857.945 0
864.655 0
871.289 0
877.971 0
884.661 0
891.438 0
898.038 0
904.690 0
911.346 0
918.016 0
924.750 0
931.443 0
938.133 0
951.467 0
958.142 0
964.818 0
971.500 0
978.212 0
984.910 0
991.529 0
998.205 0
1004.974 0
1011.640 0
1018.386 0
