# 0.470
9.553 0
16.259 0
22.999 0
29.735 0
36.464 0
43.200 0
49.967 0
56.700 0
63.420 0
70.178 0
76.835 0
90.459 0
97.267 0
103.875 0
110.485 0
117.435 0
124.080 0
130.811 0
137.518 0
144.329 0
151.076 0
157.813 0
164.494 0
171.273 0
177.846 0
184.595 0
191.418 0
198.087 0
204.886 0
211.575 0
218.408 0
225.037 0
238.555 0
245.327 0
251.952 0
258.767 0
265.521 0
272.297 0
279.018 0
285.764 0
292.503 0
299.276 0
306.011 0
312.746 0
319.538 0
326.342 0
333.020 0
339.824 0
346.545 0
353.270 0
360.049 0
366.841 0
373.629 0
380.304 0
393.808 0
400.475 0
407.292 0
414.116 0
420.840 0
427.616 0
434.391 0
441.184 0
447.918 0
454.668 0
461.505 0
468.198 0
474.977 0
481.793 0
488.512 0
495.303 0
502.127 0
508.839 0
515.649 0
522.473 0
529.185 0
542.735 0
549.560 0
556.393 0
563.091 0
569.910 0
576.860 0
583.435 0
590.385 0
597.076 0
603.898 0
610.724 0
617.458 0
624.294 0
631.043 0
637.874 0
644.683 0
651.465 0
658.278 0
665.086 0
671.942 0
678.711 0
685.529 0
699.144 0
705.994 0
712.778 0
719.641 0
726.446 0
733.301 0
740.123 0
746.977 0
753.760 0
760.616 0
767.408 0
774.307 0
781.148 0
787.973 0
794.813 0
801.686 0
808.495 0
815.379 0
822.240 0
829.147 0
835.926 0
849.664 0
856.476 0
863.350 0
870.209 0
877.203 0
884.166 0
890.751 0
897.696 0
904.573 0
911.433 0
918.375 0
925.219 0
932.132 0
939.018 0
945.860 0
952.792 0
959.654 0
966.530 0
973.479 0
980.355 0
987.277 0
994.070 0
