# 0.470
29.632 0
36.526 0
43.428 0
50.286 0
57.496 0
64.231 0
71.060 0
78.008 0
85.019 0
91.774 0
98.582 0
105.685 0
112.643 0
119.376 0
126.203 0
133.299 0
140.049 0
146.865 0
153.731 0
160.657 0
167.590 0
174.327 0
188.021 0
194.948 0
201.892 0
208.615 0
215.506 0
222.344 0
229.211 0
236.110 0
242.997 0
249.745 0
256.651 0
263.441 0
270.283 0
277.157 0
283.993 0
290.815 0
297.622 0
304.491 0
311.334 0
318.096 0
324.997 0
338.617 0
345.421 0
352.200 0
359.074 0
365.826 0
372.631 0
379.372 0
386.253 0
393.146 0
399.834 0
406.684 0
413.460 0
420.265 0
427.141 0
433.872 0
440.678 0
447.456 0
454.282 0
461.064 0
467.805 0
474.592 0
481.451 0
494.963 0
501.714 0
508.497 0
515.319 0
522.095 0
528.873 0
535.715 0
542.397 0
549.258 0
556.021 0
562.776 0
569.514 0
576.363 0
583.059 0
589.833 0
596.629 0
603.407 0
610.123 0
616.924 0
623.654 0
630.354 0
643.943 0
650.436 0
657.407 0
664.203 0
670.986 0
677.545 0
684.427 0
691.227 0
697.914 0
704.675 0
711.459 0
718.216 0
724.875 0
731.702 0
738.483 0
745.195 0
751.871 0
758.627 0
765.433 0
772.186 0
778.891 0
785.650 0
799.193 0
805.823 0
812.536 0
819.352 0
826.123 0
832.748 0
839.490 0
846.309 0
853.086 0
859.734 0
866.376 0
873.262 0
879.952 0
886.729 0
893.387 0
900.121 0
906.925 0
913.582 0
920.364 0
927.008 0
933.784 0
947.210 0
953.904 0
960.731 0
967.440 0
974.179 0
980.919 0
987.680 0
994.399 0
1001.188 0
1007.874 0
1014.520 0
