# 0.470
13.141 0
19.510 0
26.527 0
32.951 0
39.822 0
46.229 0
53.217 0
59.789 0
66.599 0
73.096 0
79.946 0
93.380 0
99.832 0
106.739 0
113.195 0
120.088 0
126.599 0
133.477 0
139.993 0
146.809 0
153.350 0
160.251 0
166.756 0
173.639 0
180.149 0
187.082 0
193.592 0
200.424 0
206.951 0
213.905 0
220.418 0
227.230 0
240.646 0
247.191 0
254.044 0
260.585 0
267.454 0
273.978 0
280.866 0
287.437 0
294.277 0
300.849 0
307.646 0
314.216 0
321.115 0
327.704 0
334.506 0
341.068 0
347.924 0
354.479 0
361.344 0
367.927 0
374.784 0
381.304 0
394.773 0
401.560 0
408.217 0
415.056 0
421.597 0
428.515 0
435.058 0
441.939 0
448.542 0
455.398 0
462.015 0
468.802 0
475.422 0
482.328 0
488.859 0
495.785 0
502.391 0
509.211 0
515.817 0
522.706 0
529.297 0
542.798 0
549.626 0
556.309 0
563.092 0
569.746 0
576.629 0
583.255 0
590.130 0
596.677 0
603.570 0
610.255 0
617.078 0
623.729 0
630.554 0
637.297 0
644.119 0
650.746 0
657.655 0
664.295 0
671.178 0
677.784 0
684.690 0
698.268 0
704.923 0
711.768 0
718.466 0
725.299 0
732.063 0
738.870 0
745.577 0
752.460 0
759.166 0
766.079 0
772.747 0
779.636 0
786.332 0
793.240 0
799.888 0
806.828 0
813.499 0
820.408 0
827.095 0
833.987 0
847.640 0
854.306 0
861.267 0
867.921 0
874.884 0
881.638 0
888.556 0
895.245 0
902.142 0
908.779 0
915.762 0
922.463 0
929.341 0
936.148 0
943.056 0
949.759 0
956.701 0
963.495 0
970.467 0
976.947 0
984.127 0
990.647 0
